0 1 0 0 0 1 0.75 1 0
2 1 0 0 0 1 0.75 1 0
4 1 0 0 0 1 0.75 1 0
6 1 0 0 0 1 0.75 1 0
8 1 0 0 0 1 0.75 1 0
10 1 0 0 0 1 0.75 1 0
12 1 0 0 0 1 0.75 1 0
14 1 0 0 0 1 0.75 1 0
16 1 0 0 0 1 0.75 1 0
18 1 0 0 0 1 0.75 1 0
20 1 0 0 0 1 0.75 1 0
22 1 0 0 0 1 0.75 1 0
24 1 0 0 0 1 0.75 1 0
26 1 0 0 0 1 0.75 1 0
28 1 0 0 0 1 0.75 1 0
30 1 0 0 0 1 0.75 1 0
32 1 0 0 0 1 0.75 1 0
34 1 0 0 0 1 0.75 1 0
36 1 0 0 0 1 0.75 1 0
38 1 0 0 0 1 0.75 1 0
40 1 0 0 0 1 0.75 1 0
42 1 0 0 0 1 0.75 1 0
44 1 0 0 0 1 0.75 1 0
46 1 0 0 0 1 0.75 1 0
48 1 0 0 0 1 0.75 1 0
50 1 0 0 0 1 0.75 1 0
52 1 0 0 0 1 0.75 1 0
54 1 0 0 0 1 0.75 1 0
56 1 0 0 0 1 0.75 1 0
58 1 0 0 0 1 0.75 1 0
60 1 0 0 0 1 0.75 1 0
62 1 0 0 0 1 0.75 1 0
64 1 0 0 0 1 0.75 1 0
66 1 0 0 0 1 0.75 1 0
68 1 0 0 0 1 0.75 1 0
70 1 0 0 0 1 0.75 1 0
72 1 0 0 0 1 0.75 1 0
74 1 0 0 0 1 0.75 1 0
76 1 0 0 0 1 0.75 1 0
78 1 0 0 0 1 0.75 1 0
80 1 0 0 0 1 0.75 1 0
82 1 0 0 0 1 0.75 1 0
84 1 0 0 0 1 0.75 1 0
86 1 0 0 0 1 0.75 1 0
88 1 0 0 0 1 0.75 1 0
90 1 0 0 0 1 0.75 1 0
92 1 0 0 0 1 0.75 1 0
94 1 0 0 0 1 0.75 1 0
96 1 0 0 0 1 0.75 1 0
98 1 0 0 0 1 0.75 1 0
100 1 0 0 0 1 0.75 1 0
102 1 0 0 0 1 0.75 1 0
104 1 0 0 0 1 0.75 1 0
106 1 0 0 0 1 0.75 1 0
108 1 0 0 0 1 0.75 1 0
110 1 0 0 0 1 0.75 1 0
112 1 0 0 0 1 0.75 1 0
114 1 0 0 0 1 0.75 1 0
116 1 0 0 0 1 0.75 1 0
118 1 0 0 0 1 0.75 1 0
120 1 0 0 0 1 0.75 1 0
122 1 0 0 0 1 0.75 1 0
124 1 0 0 0 1 0.75 1 0
126 1 0 0 0 1 0.75 1 0
128 1 0 0 0 1 0.75 1 0
130 1 0 0 0 1 0.75 1 0
132 1 0 0 0 1 0.75 1 0
134 1 0 0 0 1 0.75 1 0
136 1 0 0 0 1 0.75 1 0
138 1 0 0 0 1 0.75 1 0
140 1 0 0 0 1 0.75 1 0
142 1 0 0 0 1 0.75 1 0
144 1 0 0 0 1 0.75 1 0
146 1 0 0 0 1 0.75 1 0
148 1 0 0 0 1 0.75 1 0
150 1 0 0 0 1 0.75 1 0
152 1 0 0 0 1 0.75 1 0
154 1 0 0 0 1 0.75 1 0
156 1 0 0 0 1 0.75 1 0
158 1 0 0 0 1 0.75 1 0
160 1 0 0 0 1 0.75 1 0
162 1 0 0 0 1 0.75 1 0
164 1 0 0 0 1 0.75 1 0
166 1 0 0 0 1 0.75 1 0
168 1 0 0 0 1 0.75 1 0
170 1 0 0 0 1 0.75 1 0
172 1 5.15975e-17 -2.57988e-17 0 1 0.75 1 0
174 1 5.15969e-16 -1.28991e-16 0 1 0.75 1 0
176 1 2.37343e-15 -6.44955e-16 0 1 0.75 1 0
178 1 8.41016e-15 -2.37343e-15 0 1 0.75 1 0
180 1 2.87906e-14 -8.35856e-15 0 1 0.75 1 0
182 1 9.55559e-14 -2.68558e-14 0 1 0.75 1 0
184 1 3.08235e-13 -8.73005e-14 0 1 0.75 1 0
186 1 9.70882e-13 -2.75033e-13 0 1 0.75 1 0
188 1 2.98292e-12 -8.44446e-13 0 1 0.75 1 0
190 1 8.94091e-12 -2.53055e-12 0 1 0.75 1 0
192 1 2.61521e-11 -7.40192e-12 0 1 0.75 1 0
194 1 7.46506e-11 -2.11292e-11 0 1 0.75 1 0
196 1 2.07964e-10 -5.88625e-11 0 1 0.75 1 0
198 1 5.65447e-10 -1.60045e-10 0 1 0.75 1 0
200 1 1.50055e-09 -4.2472e-10 0 1 0.75 1 0
202 1 3.88662e-09 -1.10008e-09 0 1 0.75 1 0
204 1 9.8254e-09 -2.781e-09 0 1 0.75 1 0
206 1 2.42424e-08 -6.86161e-09 0 1 0.75 1 0
208 1 5.83752e-08 -1.65226e-08 0 1 0.75 1 0
210 1 1.37178e-07 -3.88271e-08 0 1 0.75 1 0
212 1 3.14562e-07 -8.90344e-08 0 1 0.75 1 0
214 0.999999 7.03805e-07 -1.99207e-07 0 0.999999 0.75 1 0
216 0.999998 1.53627e-06 -4.34829e-07 0 0.999998 0.75 0.999999 0
218 0.999997 3.27103e-06 -9.25845e-07 0 0.999996 0.75 0.999998 0
220 0.999993 6.79251e-06 -1.92258e-06 0 0.999992 0.75 0.999995 0
222 0.999986 1.37535e-05 -3.8929e-06 0 0.999985 0.75 0.999991 0
224 0.999973 2.71477e-05 -7.68422e-06 0 0.99997 0.75 0.999982 0
226 0.999948 5.22243e-05 -1.47827e-05 0 0.999942 0.75 0.999965 0
228 0.999902 9.78821e-05 -2.77081e-05 0 0.999891 0.75 0.999934 0
230 0.999821 0.000178683 -5.05856e-05 0 0.999801 0.75 0.999879 0
232 0.999682 0.000317585 -8.99231e-05 0 0.999646 0.75 0.999785 0
234 0.999451 0.000549386 -0.000155596 0 0.999387 0.75 0.999628 0
236 0.999076 0.000924653 -0.000261982 0 0.998969 0.75 0.999374 0
238 0.998488 0.00151363 -0.000429117 0 0.998312 0.75 0.998976 0
240 0.997596 0.00240924 -0.000683638 0 0.997315 0.75 0.99837 0
242 0.996285 0.00372805 -0.00105922 0 0.995847 0.75 0.997477 0
244 0.994423 0.00560794 -0.00159619 0 0.993759 0.75 0.996203 0
246 0.991867 0.00820159 -0.00234006 0 0.990883 0.75 0.994446 0
248 0.988476 0.0116657 -0.00333891 0 0.987052 0.75 0.992098 0
250 0.984131 0.016147 -0.00463988 0 0.982113 0.75 0.98906 0
252 0.978748 0.0217667 -0.00628515 0 0.975948 0.75 0.985249 0
254 0.972294 0.0286069 -0.00830807 0 0.968486 0.75 0.980609 0
256 0.964799 0.0367014 -0.0107302 0 0.959713 0.75 0.975118 0
258 0.956346 0.0460325 -0.0135596 0 0.949679 0.75 0.968789 0
260 0.947071 0.0565352 -0.0167909 0 0.938486 0.75 0.961666 0
262 0.937138 0.0681067 -0.0204073 0 0.926275 0.75 0.95382 0
264 0.926725 0.0806207 -0.0243828 0 0.913213 0.75 0.945338 0
266 0.916007 0.0939432 -0.028687 0 0.899469 0.75 0.936313 0
268 0.905136 0.107949 -0.0332884 0 0.885198 0.75 0.926831 0
270 0.894235 0.122529 -0.0381567 0 0.87053 0.75 0.916971 0
272 0.883361 0.137648 -0.0432541 0 0.855493 0.75 0.90681 0
274 0.872787 0.152969 -0.0485195 0 0.84045 0.75 0.896521 0
276 0.862645 0.168309 -0.0538791 0 0.82563 0.75 0.886184 0
278 0.852945 0.18364 -0.0593293 0 0.811033 0.75 0.875846 0
280 0.843687 0.198955 -0.0648422 0 0.796664 0.75 0.865515 0
282 0.834862 0.214253 -0.0704097 0 0.782508 0.75 0.855208 0
284 0.826463 0.229538 -0.0760287 0 0.768557 0.75 0.844924 0
286 0.818481 0.244816 -0.0816913 0 0.754799 0.75 0.834662 0
288 0.810907 0.260098 -0.0873928 0 0.741221 0.75 0.824418 0
290 0.803734 0.275396 -0.093128 0 0.727807 0.75 0.814189 0
292 0.796956 0.290722 -0.0988905 0 0.714539 0.75 0.803971 0
294 0.790571 0.306088 -0.104674 0 0.701404 0.75 0.793762 0
296 0.784581 0.3215 -0.110467 0 0.688391 0.75 0.783565 0
298 0.778989 0.336957 -0.116257 0 0.675495 0.75 0.773387 0
300 0.773806 0.35245 -0.122021 0 0.662717 0.75 0.763246 0
302 0.76904 0.367975 -0.127741 0 0.650059 0.75 0.753156 0
304 0.764703 0.383544 -0.133401 0 0.637495 0.75 0.743117 0
306 0.760781 0.399168 -0.138983 0 0.625002 0.75 0.733135 0
308 0.757275 0.414851 -0.144484 0 0.612593 0.75 0.723216 0
310 0.754273 0.430641 -0.1499 0 0.600231 0.75 0.713331 0
312 0.751826 0.446617 -0.155192 0 0.587777 0.75 0.703439 0
314 0.749767 0.462753 -0.160312 0 0.575244 0.75 0.693617 0
316 0.748033 0.478957 -0.165267 0 0.562815 0.75 0.683971 0
318 0.747019 0.495355 -0.170004 0 0.550352 0.75 0.674397 0
320 0.74685 0.512286 -0.174517 0 0.537428 0.75 0.664683 0
322 0.747503 0.529935 -0.178918 0 0.523943 0.75 0.654765 0
324 0.748798 0.548436 -0.183102 0 0.509894 0.75 0.644686 0
326 0.750998 0.568059 -0.187067 0 0.494954 0.75 0.634343 0
328 0.754281 0.588653 -0.190675 0 0.479042 0.75 0.623855 0
330 0.760277 0.608537 -0.192804 0 0.463726 0.75 0.614694 0
332 0.764635 0.625371 -0.194109 0 0.450267 0.75 0.607064 0
334 0.769055 0.639069 -0.194646 0 0.439268 0.75 0.601407 0
336 0.773779 0.649246 -0.194887 0 0.431326 0.75 0.597605 0
338 0.776789 0.655732 -0.194864 0 0.426224 0.75 0.595254 0
340 0.779213 0.659017 -0.194724 0 0.423526 0.75 0.594017 0
342 0.78018 0.660119 -0.194648 0 0.422516 0.75 0.593511 0
344 0.780386 0.660193 -0.19461 0 0.422377 0.75 0.593406 0
346 0.78001 0.659655 -0.194651 0 0.422816 0.75 0.593568 0
348 0.779143 0.658116 -0.194676 0 0.424094 0.75 0.594167 0
350 0.777657 0.655274 -0.194636 0 0.426436 0.75 0.595346 0
352 0.775288 0.650773 -0.194582 0 0.430133 0.75 0.597213 0
354 0.773354 0.646357 -0.194266 0 0.433613 0.75 0.599205 0
356 0.772424 0.643458 -0.193977 0 0.435852 0.75 0.600502 0
358 0.772158 0.641531 -0.194278 0 0.43737 0.75 0.601023 0
360 0.771917 0.640282 -0.195039 0 0.438687 0.75 0.600706 0
362 0.771776 0.63925 -0.197014 0 0.440102 0.75 0.599308 0
364 0.772142 0.637779 -0.20188 0 0.442583 0.75 0.595334 0
366 0.77438 0.633242 -0.214166 0 0.449674 0.75 0.58534 0
368 0.780516 0.619119 -0.246768 0 0.470558 0.75 0.559658 0
370 0.801448 0.587001 -0.328587 0 0.521447 0.75 0.493733 0
372 0.836313 0.538536 -0.510754 0 0.615727 0.75 0.339071 0
374 0.861154 0.485073 -0.843768 0 0.711226 0.75 0.058513 0
376 0.844898 0.473735 -1.08379 0 0.717533 0.75 -0.150876 0
378 0.82305 0.487626 -1.20858 0 0.686151 0.75 -0.251546 0
380 0.805111 0.500936 -1.29891 0 0.650828 0.75 -0.321623 0
382 0.784327 0.524263 -1.36488 0 0.614642 0.75 -0.393981 0
384 0.760986 0.550361 -1.43487 0 0.578366 0.75 -0.460823 0
386 0.739345 0.578265 -1.51029 0 0.546748 0.75 -0.505124 0
388 0.714769 0.606376 -1.57381 0 0.511608 0.75 -0.547413 0
390 0.685346 0.634305 -1.63541 0 0.469548 0.75 -0.592078 0
392 0.655649 0.655695 -1.70085 0 0.432677 0.75 -0.625054 0
394 0.633771 0.677511 -1.73789 0 0.403819 0.75 -0.653165 0
396 0.615418 0.691017 -1.78968 0 0.375539 0.75 -0.682189 0
398 0.606758 0.704323 -1.80278 0 0.36818 0.75 -0.693019 0
400 0.603628 0.722804 -1.81346 0 0.365599 0.75 -0.70944 0
402 0.600361 0.735182 -1.83646 0 0.360742 0.75 -0.713283 0
404 0.596952 0.728462 -1.84789 0 0.35563 0.75 -0.705896 0
406 0.591466 0.712134 -1.8435 0 0.351037 0.75 -0.698251 0
408 0.587579 0.705479 -1.84395 0 0.349668 0.75 -0.69847 0
410 0.58863 0.707165 -1.83355 0 0.351705 0.75 -0.699329 0
412 0.590869 0.715056 -1.82548 0 0.354624 0.75 -0.70547 0
414 0.595392 0.734275 -1.82839 0 0.360532 0.75 -0.716098 0
416 0.595838 0.737519 -1.84086 0 0.358999 0.75 -0.714671 0
418 0.593548 0.731696 -1.84792 0 0.357649 0.75 -0.707895 0
420 0.590024 0.717457 -1.84426 0 0.353958 0.75 -0.699491 0
422 0.586786 0.707864 -1.83699 0 0.352614 0.75 -0.695198 0
424 0.585851 0.70661 -1.8306 0 0.355824 0.75 -0.692871 0
426 0.584859 0.709164 -1.82578 0 0.36353 0.75 -0.690663 0
428 0.579205 0.704047 -1.82632 0 0.376518 0.75 -0.676721 0
430 0.563632 0.67486 -1.80306 0 0.412305 0.75 -0.625727 0
432 0.518512 0.616657 -1.76237 0 0.471539 0.75 -0.530085 0
434 0.448157 0.545626 -1.68489 0 0.520718 0.75 -0.433359 0
436 0.393239 0.510075 -1.63774 0 0.53605 0.75 -0.401921 0
438 0.368879 0.501432 -1.63436 0 0.542014 0.75 -0.388401 0
440 0.358431 0.501021 -1.64156 0 0.546952 0.75 -0.378381 0
442 0.353476 0.502297 -1.64338 0 0.550767 0.75 -0.372869 0
444 0.350669 0.504493 -1.63753 0 0.554037 0.75 -0.371984 0
446 0.348676 0.507878 -1.62728 0 0.556664 0.75 -0.374242 0
448 0.346883 0.510425 -1.61532 0 0.557995 0.75 -0.378143 0
450 0.34502 0.510822 -1.60948 0 0.557976 0.75 -0.37967 0
452 0.343486 0.510614 -1.60938 0 0.557924 0.75 -0.378269 0
454 0.342284 0.509975 -1.616 0 0.558208 0.75 -0.37408 0
456 0.341145 0.507517 -1.62518 0 0.557471 0.75 -0.369536 0
458 0.33978 0.50337 -1.63067 0 0.554894 0.75 -0.367314 0
460 0.338063 0.496601 -1.63214 0 0.55053 0.75 -0.366417 0
462 0.336993 0.493019 -1.63245 0 0.547822 0.75 -0.366749 0
464 0.336852 0.493151 -1.63031 0 0.547097 0.75 -0.368137 0
466 0.337027 0.494439 -1.62952 0 0.547779 0.75 -0.36934 0
468 0.337655 0.497342 -1.6293 0 0.550197 0.75 -0.370467 0
470 0.338964 0.502926 -1.62875 0 0.554299 0.75 -0.37166 0
472 0.340728 0.510461 -1.62539 0 0.559158 0.75 -0.373696 0
474 0.341701 0.514433 -1.62259 0 0.561901 0.75 -0.374633 0
476 0.342124 0.515086 -1.61987 0 0.562762 0.75 -0.374455 0
478 0.341969 0.513571 -1.61847 0 0.562991 0.75 -0.374418 0
480 0.341192 0.510214 -1.61844 0 0.562071 0.75 -0.374302 0
482 0.339864 0.505459 -1.61979 0 0.559662 0.75 -0.372709 0
484 0.337958 0.498661 -1.62527 0 0.555891 0.75 -0.368905 0
486 0.337076 0.494782 -1.6296 0 0.553417 0.75 -0.366421 0
488 0.337177 0.493983 -1.6318 0 0.552159 0.75 -0.365994 0
490 0.337293 0.49392 -1.63587 0 0.551422 0.75 -0.366844 0
492 0.337842 0.494895 -1.63622 0 0.552311 0.75 -0.366734 0
494 0.338392 0.501376 -1.63215 0 0.553994 0.75 -0.368033 0
496 0.338663 0.507737 -1.62909 0 0.55576 0.75 -0.370737 0
498 0.337459 0.510284 -1.62229 0 0.55405 0.75 -0.373481 0
500 0.334758 0.495666 -1.59064 0 0.54481 0.75 -0.384715 0
502 0.326331 0.422339 -1.43524 0 0.50556 0.75 -0.441144 0
504 0.263724 0.254938 -0.940319 0 0.359429 0.75 -0.634595 0
506 0.14621 -0.0043171 -0.475052 0 0.175458 0.75 -0.81835 0
508 0.121708 -0.179118 -0.243478 0 0.105906 0.75 -0.882356 0
510 0.117752 -0.233658 -0.184731 0 0.0904233 0.75 -0.896647 0
512 0.116815 -0.249798 -0.176833 0 0.0872525 0.75 -0.897502 0
514 0.116451 -0.25667 -0.178481 0 0.0866165 0.75 -0.895893 0
516 0.116352 -0.260435 -0.182239 0 0.0866045 0.75 -0.894056 0
518 0.11632 -0.262789 -0.184272 0 0.0865169 0.75 -0.893011 0
520 0.116345 -0.263851 -0.185097 0 0.0864718 0.75 -0.89255 0
522 0.11637 -0.263955 -0.185086 0 0.0864653 0.75 -0.892519 0
524 0.116373 -0.263193 -0.184353 0 0.086492 0.75 -0.892867 0
526 0.11638 -0.261061 -0.182674 0 0.0865898 0.75 -0.893771 0
528 0.116424 -0.257683 -0.180208 0 0.0867613 0.75 -0.895137 0
530 0.116554 -0.253466 -0.177127 0 0.0869701 0.75 -0.896838 0
532 0.116758 -0.248903 -0.173759 0 0.0871869 0.75 -0.898702 0
534 0.116934 -0.245512 -0.17128 0 0.0873487 0.75 -0.900094 0
536 0.11702 -0.243629 -0.169918 0 0.0874366 0.75 -0.900863 0
538 0.117008 -0.243034 -0.169498 0 0.087464 0.75 -0.90111 0
540 0.116934 -0.24315 -0.169595 0 0.0874578 0.75 -0.901068 0
542 0.11686 -0.244127 -0.170319 0 0.0874098 0.75 -0.900662 0
544 0.116804 -0.246456 -0.172031 0 0.0872965 0.75 -0.899712 0
546 0.116735 -0.250443 -0.174933 0 0.0871043 0.75 -0.898086 0
548 0.116588 -0.25619 -0.179135 0 0.0868236 0.75 -0.895744 0
550 0.11644 -0.260441 -0.182236 0 0.0866161 0.75 -0.89402 0
552 0.116317 -0.262516 -0.183747 0 0.0865116 0.75 -0.893179 0
554 0.116238 -0.263131 -0.18417 0 0.0864801 0.75 -0.892932 0
556 0.116218 -0.263012 -0.18408 0 0.0864858 0.75 -0.892979 0
558 0.116311 -0.262045 -0.183377 0 0.0865324 0.75 -0.893375 0
560 0.116455 -0.259852 -0.181781 0 0.0866396 0.75 -0.894263 0
562 0.116591 -0.256295 -0.179176 0 0.0868137 0.75 -0.895717 0
564 0.116724 -0.251232 -0.175452 0 0.0870594 0.75 -0.897781 0
566 0.11681 -0.246686 -0.172114 0 0.0872798 0.75 -0.899638 0
568 0.116863 -0.243756 -0.169947 0 0.0874192 0.75 -0.900836 0
570 0.116919 -0.242244 -0.168814 0 0.0874913 0.75 -0.901457 0
572 0.116983 -0.24179 -0.168458 0 0.0875136 0.75 -0.901645 0
574 0.117026 -0.24191 -0.168516 0 0.0875089 0.75 -0.901604 0
576 0.116988 -0.242786 -0.169144 0 0.0874693 0.75 -0.90125 0
578 0.116882 -0.244824 -0.170647 0 0.0873755 0.75 -0.900417 0
580 0.116742 -0.248359 -0.173259 0 0.0872047 0.75 -0.898969 0
582 0.116661 -0.250905 -0.175139 0 0.0870794 0.75 -0.897929 0
584 0.116655 -0.251905 -0.175876 0 0.0870287 0.75 -0.897519 0
586 0.116676 -0.251997 -0.175946 0 0.0870209 0.75 -0.897482 0
588 0.116699 -0.251394 -0.175496 0 0.087045 0.75 -0.897735 0
590 0.11673 -0.249599 -0.17417 0 0.0871258 0.75 -0.898478 0
592 0.116808 -0.246266 -0.171715 0 0.0872871 0.75 -0.899835 0
594 0.116965 -0.241329 -0.168114 0 0.0875314 0.75 -0.901836 0
596 0.117089 -0.237828 -0.165559 0 0.0877064 0.75 -0.903256 0
598 0.117156 -0.236134 -0.164324 0 0.0877932 0.75 -0.903941 0
600 0.117193 -0.235676 -0.163979 0 0.0878196 0.75 -0.904132 0
602 0.117189 -0.235842 -0.164081 0 0.0878144 0.75 -0.904068 0
604 0.117133 -0.236812 -0.16476 0 0.0877676 0.75 -0.903684 0
606 0.117064 -0.239006 -0.166341 0 0.0876571 0.75 -0.902803 0
608 0.117028 -0.240868 -0.167701 0 0.087562 0.75 -0.902045 0
610 0.116993 -0.241503 -0.168177 0 0.0875289 0.75 -0.901785 0
612 0.116983 -0.241459 -0.168172 0 0.0875293 0.75 -0.901795 0
614 0.117003 -0.2407 -0.167649 0 0.0875665 0.75 -0.902093 0
616 0.117044 -0.238775 -0.166274 0 0.0876624 0.75 -0.902869 0
618 0.117154 -0.235392 -0.163812 0 0.0878288 0.75 -0.904239 0
620 0.11736 -0.230561 -0.160258 0 0.0880651 0.75 -0.90622 0
622 0.117579 -0.224179 -0.155559 0 0.0883791 0.75 -0.908838 0
624 0.117755 -0.218391 -0.151328 0 0.0886676 0.75 -0.911201 0
626 0.117884 -0.213941 -0.148079 0 0.0888894 0.75 -0.913018 0
628 0.11798 -0.210575 -0.145645 0 0.0890572 0.75 -0.914383 0
630 0.118033 -0.208117 -0.143883 0 0.0891799 0.75 -0.915381 0
632 0.118143 -0.2064 -0.14265 0 0.0892666 0.75 -0.916078 0
634 0.118199 -0.205177 -0.141776 0 0.0893302 0.75 -0.916575 0
636 0.118245 -0.204231 -0.141096 0 0.0893777 0.75 -0.91696 0
638 0.118251 -0.203401 -0.140476 0 0.0894186 0.75 -0.917299 0
640 0.118239 -0.202586 -0.13986 0 0.0894566 0.75 -0.917637 0
642 0.118204 -0.201678 -0.139185 0 0.0894972 0.75 -0.918011 0
644 0.118317 -0.200447 -0.138325 0 0.0895553 0.75 -0.918517 0
646 0.118393 -0.198631 -0.137072 0 0.0896432 0.75 -0.919241 0
648 0.118525 -0.195934 -0.135184 0 0.0897799 0.75 -0.920322 0
650 0.118652 -0.192116 -0.132466 0 0.0899764 0.75 -0.921871 0
652 0.118765 -0.187002 -0.128777 0 0.090237 0.75 -0.923959 0
654 0.118909 -0.180499 -0.124045 0 0.0905636 0.75 -0.926623 0
656 0.11923 -0.172638 -0.118343 0 0.0909545 0.75 -0.92985 0
658 0.119557 -0.163477 -0.111801 0 0.0914122 0.75 -0.933595 0
660 0.119927 -0.153245 -0.104607 0 0.0919336 0.75 -0.937747 0
662 0.120322 -0.141728 -0.096555 0 0.0925274 0.75 -0.942414 0
664 0.120661 -0.129945 -0.0883322 0 0.093159 0.75 -0.94718 0
666 0.121022 -0.116931 -0.0793069 0 0.0938202 0.75 -0.952464 0
668 0.121489 -0.104456 -0.0706328 0 0.0944714 0.75 -0.957556 0
670 0.121974 -0.0908206 -0.0613322 0 0.0951654 0.75 -0.963083 0
672 0.122442 -0.0777238 -0.052268 0 0.0958463 0.75 -0.968408 0
674 0.122942 -0.0635072 -0.0425035 0 0.0965878 0.75 -0.974205 0
676 0.123369 -0.0498001 -0.0331862 0 0.0973228 0.75 -0.979816 0
678 0.123829 -0.0335005 -0.02235 0 0.0982181 0.75 -0.986371 0
680 0.124386 -0.0181416 -0.0120777 0 0.099038 0.75 -0.992611 0
682 0.12487 -0.00470806 -0.00313591 0 0.0997547 0.75 -0.998073 0
684 0.125658 0.00506207 0.00332927 0 0.100281 0.75 -1.00205 0
686 0.126377 0.0106905 0.00699944 0 0.100585 0.75 -1.00434 0
688 0.126637 0.012701 0.00829445 0 0.100694 0.75 -1.00515 0
690 0.126578 0.0126377 0.00824679 0 0.100691 0.75 -1.00512 0
692 0.126288 0.0102973 0.00673377 0 0.100562 0.75 -1.00417 0
694 0.125491 0.00385943 0.00254869 0 0.100209 0.75 -1.00157 0
696 0.124912 -0.00258311 -0.00171097 0 0.09986 0.75 -0.99895 0
698 0.124819 -0.00533976 -0.00353655 0 0.0997105 0.75 -0.997831 0
700 0.124798 -0.00594618 -0.00393878 0 0.0996777 0.75 -0.997585 0
702 0.12481 -0.00558902 -0.00370211 0 0.099697 0.75 -0.99773 0
704 0.124866 -0.00394534 -0.00261219 0 0.0997862 0.75 -0.998397 0
706 0.124936 -0.00188807 -0.00124969 0 0.0998976 0.75 -0.999233 0
708 0.124972 -0.000819014 -0.000541948 0 0.0999556 0.75 -0.999667 0
710 0.124989 -0.00032579 -0.00021555 0 0.0999823 0.75 -0.999868 0
712 0.124996 -0.000118451 -7.83658e-05 0 0.0999936 0.75 -0.999952 0
714 0.124999 -3.92337e-05 -2.5956e-05 0 0.0999979 0.75 -0.999984 0
716 0.125 -1.17935e-05 -7.80218e-06 0 0.0999994 0.75 -0.999995 0
718 0.125 -3.2023e-06 -2.11853e-06 0 0.0999998 0.75 -0.999999 0
720 0.125 -7.80913e-07 -5.16626e-07 0 0.1 0.75 -1 0
722 0.125 -1.69791e-07 -1.12328e-07 0 0.1 0.75 -1 0
724 0.125 -3.26155e-08 -2.15773e-08 0 0.1 0.75 -1 0
726 0.125 -5.47113e-09 -3.61951e-09 0 0.1 0.75 -1 0
728 0.125 -7.89467e-10 -5.22286e-10 0 0.1 0.75 -1 0
730 0.125 -9.60517e-11 -6.35441e-11 0 0.1 0.75 -1 0
732 0.125 -9.58443e-12 -6.34112e-12 0 0.1 0.75 -1 0
734 0.125 -7.53117e-13 -4.98225e-13 0 0.1 0.75 -1 0
736 0.125 -4.36514e-14 -2.86882e-14 0 0.1 0.75 -1 0
738 0.125 -1.75431e-15 -1.65112e-15 0 0.1 0.75 -1 0
740 0.125 -4.1278e-16 -4.1278e-16 0 0.1 0.75 -1 0
742 0.125 0 0 0 0.1 0.75 -1 0
744 0.125 0 0 0 0.1 0.75 -1 0
746 0.125 0 0 0 0.1 0.75 -1 0
748 0.125 0 0 0 0.1 0.75 -1 0
750 0.125 0 0 0 0.1 0.75 -1 0
752 0.125 0 0 0 0.1 0.75 -1 0
754 0.125 0 0 0 0.1 0.75 -1 0
756 0.125 0 0 0 0.1 0.75 -1 0
758 0.125 0 0 0 0.1 0.75 -1 0
760 0.125 0 0 0 0.1 0.75 -1 0
762 0.125 0 0 0 0.1 0.75 -1 0
764 0.125 0 0 0 0.1 0.75 -1 0
766 0.125 0 0 0 0.1 0.75 -1 0
768 0.125 0 0 0 0.1 0.75 -1 0
770 0.125 0 0 0 0.1 0.75 -1 0
772 0.125 0 0 0 0.1 0.75 -1 0
774 0.125 0 0 0 0.1 0.75 -1 0
776 0.125 0 0 0 0.1 0.75 -1 0
778 0.125 0 0 0 0.1 0.75 -1 0
780 0.125 0 0 0 0.1 0.75 -1 0
782 0.125 0 0 0 0.1 0.75 -1 0
784 0.125 0 0 0 0.1 0.75 -1 0
786 0.125 0 0 0 0.1 0.75 -1 0
788 0.125 0 0 0 0.1 0.75 -1 0
790 0.125 0 0 0 0.1 0.75 -1 0
792 0.125 0 0 0 0.1 0.75 -1 0
794 0.125 0 0 0 0.1 0.75 -1 0
796 0.125 0 0 0 0.1 0.75 -1 0
798 0.125 0 0 0 0.1 0.75 -1 0
