-0.00025 1 0 1
0.00025 1 0 1
0.00075 1 0 1
0.00125 1 0 1
0.00175 1 0 1
0.00225 1 0 1
0.00275 1 0 1
0.00325 1 0 1
0.00375 1 0 1
0.00425 1 0 1
0.00475 1 0 1
0.00525 1 0 1
0.00575 1 0 1
0.00625 1 0 1
0.00675 1 0 1
0.00725 1 0 1
0.00775 1 0 1
0.00825 1 0 1
0.00875 1 0 1
0.00925 1 0 1
0.00975 1 0 1
0.01025 1 0 1
0.01075 1 0 1
0.01125 1 0 1
0.01175 1 0 1
0.01225 1 0 1
0.01275 1 0 1
0.01325 1 0 1
0.01375 1 0 1
0.01425 1 0 1
0.01475 1 0 1
0.01525 1 0 1
0.01575 1 0 1
0.01625 1 0 1
0.01675 1 0 1
0.01725 1 0 1
0.01775 1 0 1
0.01825 1 0 1
0.01875 1 0 1
0.01925 1 0 1
0.01975 1 0 1
0.02025 1 0 1
0.02075 1 0 1
0.02125 1 0 1
0.02175 1 0 1
0.02225 1 0 1
0.02275 1 0 1
0.02325 1 0 1
0.02375 1 0 1
0.02425 1 0 1
0.02475 1 0 1
0.02525 1 0 1
0.02575 1 0 1
0.02625 1 0 1
0.02675 1 0 1
0.02725 1 0 1
0.02775 1 0 1
0.02825 1 0 1
0.02875 1 0 1
0.02925 1 0 1
0.02975 1 0 1
0.03025 1 0 1
0.03075 1 0 1
0.03125 1 0 1
0.03175 1 0 1
0.03225 1 0 1
0.03275 1 0 1
0.03325 1 0 1
0.03375 1 0 1
0.03425 1 0 1
0.03475 1 0 1
0.03525 1 0 1
0.03575 1 0 1
0.03625 1 0 1
0.03675 1 0 1
0.03725 1 0 1
0.03775 1 0 1
0.03825 1 0 1
0.03875 1 0 1
0.03925 1 0 1
0.03975 1 0 1
0.04025 1 0 1
0.04075 1 0 1
0.04125 1 0 1
0.04175 1 0 1
0.04225 1 0 1
0.04275 1 0 1
0.04325 1 0 1
0.04375 1 0 1
0.04425 1 0 1
0.04475 1 0 1
0.04525 1 0 1
0.04575 1 0 1
0.04625 1 0 1
0.04675 1 0 1
0.04725 1 0 1
0.04775 1 0 1
0.04825 1 0 1
0.04875 1 0 1
0.04925 1 0 1
0.04975 1 0 1
0.05025 1 0 1
0.05075 1 0 1
0.05125 1 0 1
0.05175 1 0 1
0.05225 1 0 1
0.05275 1 0 1
0.05325 1 0 1
0.05375 1 0 1
0.05425 1 0 1
0.05475 1 0 1
0.05525 1 0 1
0.05575 1 0 1
0.05625 1 0 1
0.05675 1 0 1
0.05725 1 0 1
0.05775 1 0 1
0.05825 1 0 1
0.05875 1 0 1
0.05925 1 0 1
0.05975 1 0 1
0.06025 1 0 1
0.06075 1 0 1
0.06125 1 0 1
0.06175 1 0 1
0.06225 1 0 1
0.06275 1 0 1
0.06325 1 0 1
0.06375 1 0 1
0.06425 1 0 1
0.06475 1 0 1
0.06525 1 0 1
0.06575 1 0 1
0.06625 1 0 1
0.06675 1 0 1
0.06725 1 0 1
0.06775 1 0 1
0.06825 1 0 1
0.06875 1 0 1
0.06925 1 0 1
0.06975 1 0 1
0.07025 1 0 1
0.07075 1 0 1
0.07125 1 0 1
0.07175 1 0 1
0.07225 1 0 1
0.07275 1 0 1
0.07325 1 0 1
0.07375 1 0 1
0.07425 1 0 1
0.07475 1 0 1
0.07525 1 0 1
0.07575 1 0 1
0.07625 1 0 1
0.07675 1 0 1
0.07725 1 0 1
0.07775 1 0 1
0.07825 1 0 1
0.07875 1 0 1
0.07925 1 0 1
0.07975 1 0 1
0.08025 1 0 1
0.08075 1 0 1
0.08125 1 0 1
0.08175 1 0 1
0.08225 1 0 1
0.08275 1 0 1
0.08325 1 0 1
0.08375 1 0 1
0.08425 1 0 1
0.08475 1 0 1
0.08525 1 0 1
0.08575 1 0 1
0.08625 1 0 1
0.08675 1 0 1
0.08725 1 0 1
0.08775 1 0 1
0.08825 1 0 1
0.08875 1 0 1
0.08925 1 0 1
0.08975 1 0 1
0.09025 1 0 1
0.09075 1 0 1
0.09125 1 0 1
0.09175 1 0 1
0.09225 1 0 1
0.09275 1 0 1
0.09325 1 0 1
0.09375 1 0 1
0.09425 1 0 1
0.09475 1 0 1
0.09525 1 0 1
0.09575 1 0 1
0.09625 1 0 1
0.09675 1 0 1
0.09725 1 0 1
0.09775 1 0 1
0.09825 1 0 1
0.09875 1 0 1
0.09925 1 0 1
0.09975 1 0 1
0.10025 1 0 1
0.10075 1 0 1
0.10125 1 0 1
0.10175 1 0 1
0.10225 1 0 1
0.10275 1 0 1
0.10325 1 0 1
0.10375 1 0 1
0.10425 1 0 1
0.10475 1 0 1
0.10525 1 0 1
0.10575 1 0 1
0.10625 1 0 1
0.10675 1 0 1
0.10725 1 0 1
0.10775 1 0 1
0.10825 1 0 1
0.10875 1 0 1
0.10925 1 0 1
0.10975 1 0 1
0.11025 1 0 1
0.11075 1 0 1
0.11125 1 0 1
0.11175 1 0 1
0.11225 1 0 1
0.11275 1 0 1
0.11325 1 0 1
0.11375 1 0 1
0.11425 1 0 1
0.11475 1 0 1
0.11525 1 0 1
0.11575 1 0 1
0.11625 1 0 1
0.11675 1 0 1
0.11725 1 0 1
0.11775 1 0 1
0.11825 1 0 1
0.11875 1 0 1
0.11925 1 0 1
0.11975 1 0 1
0.12025 1 0 1
0.12075 1 0 1
0.12125 1 0 1
0.12175 1 0 1
0.12225 1 0 1
0.12275 1 0 1
0.12325 1 0 1
0.12375 1 0 1
0.12425 1 0 1
0.12475 1 0 1
0.12525 1 0 1
0.12575 1 0 1
0.12625 1 0 1
0.12675 1 0 1
0.12725 1 0 1
0.12775 1 0 1
0.12825 1 0 1
0.12875 1 0 1
0.12925 1 0 1
0.12975 1 0 1
0.13025 1 0 1
0.13075 1 0 1
0.13125 1 0 1
0.13175 1 0 1
0.13225 1 0 1
0.13275 1 0 1
0.13325 1 0 1
0.13375 1 0 1
0.13425 1 0 1
0.13475 1 0 1
0.13525 1 0 1
0.13575 1 0 1
0.13625 1 0 1
0.13675 1 0 1
0.13725 1 0 1
0.13775 1 0 1
0.13825 1 0 1
0.13875 1 0 1
0.13925 1 0 1
0.13975 1 0 1
0.14025 1 0 1
0.14075 1 0 1
0.14125 1 0 1
0.14175 1 0 1
0.14225 1 0 1
0.14275 1 0 1
0.14325 1 0 1
0.14375 1 0 1
0.14425 1 0 1
0.14475 1 0 1
0.14525 1 0 1
0.14575 1 0 1
0.14625 1 0 1
0.14675 1 0 1
0.14725 1 0 1
0.14775 1 0 1
0.14825 1 0 1
0.14875 1 0 1
0.14925 1 0 1
0.14975 1 0 1
0.15025 1 0 1
0.15075 1 0 1
0.15125 1 0 1
0.15175 1 0 1
0.15225 1 0 1
0.15275 1 0 1
0.15325 1 0 1
0.15375 1 0 1
0.15425 1 0 1
0.15475 1 0 1
0.15525 1 0 1
0.15575 1 0 1
0.15625 1 0 1
0.15675 1 0 1
0.15725 1 0 1
0.15775 1 0 1
0.15825 1 0 1
0.15875 1 0 1
0.15925 1 0 1
0.15975 1 0 1
0.16025 1 0 1
0.16075 1 0 1
0.16125 1 0 1
0.16175 1 0 1
0.16225 1 0 1
0.16275 1 0 1
0.16325 1 0 1
0.16375 1 0 1
0.16425 1 0 1
0.16475 1 0 1
0.16525 1 0 1
0.16575 1 0 1
0.16625 1 0 1
0.16675 1 0 1
0.16725 1 0 1
0.16775 1 0 1
0.16825 1 0 1
0.16875 1 0 1
0.16925 1 0 1
0.16975 1 0 1
0.17025 1 0 1
0.17075 1 0 1
0.17125 1 0 1
0.17175 1 0 1
0.17225 1 0 1
0.17275 1 0 1
0.17325 1 0 1
0.17375 1 0 1
0.17425 1 0 1
0.17475 1 0 1
0.17525 1 0 1
0.17575 1 0 1
0.17625 1 0 1
0.17675 1 0 1
0.17725 1 0 1
0.17775 1 0 1
0.17825 1 0 1
0.17875 1 0 1
0.17925 1 0 1
0.17975 1 0 1
0.18025 1 0 1
0.18075 1 0 1
0.18125 1 0 1
0.18175 1 0 1
0.18225 1 0 1
0.18275 1 0 1
0.18325 1 0 1
0.18375 1 0 1
0.18425 1 0 1
0.18475 1 0 1
0.18525 1 0 1
0.18575 1 0 1
0.18625 1 0 1
0.18675 1 0 1
0.18725 1 0 1
0.18775 1 0 1
0.18825 1 0 1
0.18875 1 0 1
0.18925 1 0 1
0.18975 1 0 1
0.19025 1 0 1
0.19075 1 0 1
0.19125 1 0 1
0.19175 1 0 1
0.19225 1 0 1
0.19275 1 0 1
0.19325 1 0 1
0.19375 1 0 1
0.19425 1 0 1
0.19475 1 0 1
0.19525 1 0 1
0.19575 1 0 1
0.19625 1 0 1
0.19675 1 0 1
0.19725 1 0 1
0.19775 1 0 1
0.19825 1 0 1
0.19875 1 0 1
0.19925 1 0 1
0.19975 1 0 1
0.20025 1 0 1
0.20075 1 0 1
0.20125 1 0 1
0.20175 1 0 1
0.20225 1 0 1
0.20275 1 0 1
0.20325 1 0 1
0.20375 1 0 1
0.20425 1 0 1
0.20475 1 0 1
0.20525 1 0 1
0.20575 1 0 1
0.20625 1 0 1
0.20675 1 0 1
0.20725 1 0 1
0.20775 1 0 1
0.20825 1 0 1
0.20875 1 0 1
0.20925 1 0 1
0.20975 1 0 1
0.21025 1 0 1
0.21075 1 0 1
0.21125 1 0 1
0.21175 1 0 1
0.21225 1 0 1
0.21275 1 0 1
0.21325 1 0 1
0.21375 1 0 1
0.21425 1 0 1
0.21475 1 0 1
0.21525 1 0 1
0.21575 1 0 1
0.21625 1 0 1
0.21675 1 0 1
0.21725 1 0 1
0.21775 1 0 1
0.21825 1 0 1
0.21875 1 0 1
0.21925 1 0 1
0.21975 1 0 1
0.22025 1 0 1
0.22075 1 0 1
0.22125 1 0 1
0.22175 1 0 1
0.22225 1 0 1
0.22275 1 0 1
0.22325 1 0 1
0.22375 1 0 1
0.22425 1 0 1
0.22475 1 0 1
0.22525 1 0 1
0.22575 1 0 1
0.22625 1 0 1
0.22675 1 0 1
0.22725 1 0 1
0.22775 1 0 1
0.22825 1 0 1
0.22875 1 0 1
0.22925 1 0 1
0.22975 1 0 1
0.23025 1 0 1
0.23075 1 0 1
0.23125 1 0 1
0.23175 1 0 1
0.23225 1 0 1
0.23275 1 0 1
0.23325 1 0 1
0.23375 1 0 1
0.23425 1 0 1
0.23475 1 0 1
0.23525 1 0 1
0.23575 1 0 1
0.23625 1 0 1
0.23675 1 0 1
0.23725 1 0 1
0.23775 1 0 1
0.23825 1 0 1
0.23875 1 0 1
0.23925 1 0 1
0.23975 1 0 1
0.24025 1 0 1
0.24075 1 0 1
0.24125 1 0 1
0.24175 1 0 1
0.24225 1 0 1
0.24275 1 0 1
0.24325 1 0 1
0.24375 1 0 1
0.24425 1 0 1
0.24475 1 0 1
0.24525 1 0 1
0.24575 1 0 1
0.24625 1 0 1
0.24675 1 0 1
0.24725 1 0 1
0.24775 1 0 1
0.24825 1 0 1
0.24875 1 0 1
0.24925 1 0 1
0.24975 1 0 1
0.25025 1 0 1
0.25075 1 0 1
0.25125 1 0 1
0.25175 1 0 1
0.25225 1 0 1
0.25275 1 0 1
0.25325 1 0 1
0.25375 1 0 1
0.25425 1 0 1
0.25475 1 0 1
0.25525 1 0 1
0.25575 1 0 1
0.25625 1 0 1
0.25675 1 0 1
0.25725 1 0 1
0.25775 1 0 1
0.25825 1 0 1
0.25875 1 0 1
0.25925 1 0 1
0.25975 1 0 1
0.26025 1 0 1
0.26075 1 0 1
0.26125 1 0 1
0.26175 1 0 1
0.26225 1 0 1
0.26275 1 0 1
0.26325 1 0 1
0.26375 1 0 1
0.26425 1 0 1
0.26475 1 0 1
0.26525 1 0 1
0.26575 1 0 1
0.26625 1 0 1
0.26675 1 0 1
0.26725 1 0 1
0.26775 1 0 1
0.26825 1 0 1
0.26875 1 0 1
0.26925 1 0 1
0.26975 1 0 1
0.27025 1 0 1
0.27075 1 0 1
0.27125 1 0 1
0.27175 1 0 1
0.27225 1 0 1
0.27275 1 0 1
0.27325 1 0 1
0.27375 1 0 1
0.27425 1 0 1
0.27475 1 0 1
0.27525 1 0 1
0.27575 1 0 1
0.27625 1 0 1
0.27675 1 0 1
0.27725 1 0 1
0.27775 1 0 1
0.27825 1 0 1
0.27875 1 0 1
0.27925 1 0 1
0.27975 1 0 1
0.28025 1 0 1
0.28075 1 0 1
0.28125 1 0 1
0.28175 1 0 1
0.28225 1 0 1
0.28275 1 0 1
0.28325 1 0 1
0.28375 1 0 1
0.28425 1 0 1
0.28475 1 0 1
0.28525 1 0 1
0.28575 1 0 1
0.28625 1 0 1
0.28675 1 0 1
0.28725 1 0 1
0.28775 1 0 1
0.28825 1 0 1
0.28875 1 0 1
0.28925 1 0 1
0.28975 1 0 1
0.29025 1 0 1
0.29075 1 0 1
0.29125 1 0 1
0.29175 1 0 1
0.29225 1 0 1
0.29275 1 0 1
0.29325 1 0 1
0.29375 1 0 1
0.29425 1 0 1
0.29475 1 0 1
0.29525 1 0 1
0.29575 1 0 1
0.29625 1 0 1
0.29675 1 0 1
0.29725 1 0 1
0.29775 1 0 1
0.29825 1 0 1
0.29875 1 0 1
0.29925 1 0 1
0.29975 1 0 1
0.30025 1 0 1
0.30075 1 0 1
0.30125 1 0 1
0.30175 1 0 1
0.30225 1 0 1
0.30275 1 0 1
0.30325 1 0 1
0.30375 1 0 1
0.30425 1 0 1
0.30475 1 0 1
0.30525 1 0 1
0.30575 1 0 1
0.30625 1 0 1
0.30675 1 0 1
0.30725 1 0 1
0.30775 1 0 1
0.30825 1 0 1
0.30875 1 0 1
0.30925 1 0 1
0.30975 1 0 1
0.31025 1 0 1
0.31075 1 0 1
0.31125 1 0 1
0.31175 1 0 1
0.31225 1 0 1
0.31275 1 0 1
0.31325 1 0 1
0.31375 1 0 1
0.31425 1 0 1
0.31475 1 0 1
0.31525 1 0 1
0.31575 1 0 1
0.31625 1 0 1
0.31675 1 0 1
0.31725 1 0 1
0.31775 1 0 1
0.31825 1 0 1
0.31875 1 0 1
0.31925 1 0 1
0.31975 1 0 1
0.32025 1 0 1
0.32075 1 0 1
0.32125 1 0 1
0.32175 1 0 1
0.32225 1 0 1
0.32275 1 0 1
0.32325 1 0 1
0.32375 1 0 1
0.32425 1 0 1
0.32475 1 0 1
0.32525 1 0 1
0.32575 1 0 1
0.32625 1 0 1
0.32675 1 0 1
0.32725 1 0 1
0.32775 1 0 1
0.32825 1 0 1
0.32875 1 0 1
0.32925 1 0 1
0.32975 1 0 1
0.33025 1 0 1
0.33075 1 0 1
0.33125 1 0 1
0.33175 1 0 1
0.33225 1 0 1
0.33275 1 0 1
0.33325 1 0 1
0.33375 1 0 1
0.33425 1 0 1
0.33475 1 0 1
0.33525 1 0 1
0.33575 1 0 1
0.33625 1 0 1
0.33675 1 0 1
0.33725 1 0 1
0.33775 1 0 1
0.33825 1 0 1
0.33875 1 0 1
0.33925 1 0 1
0.33975 1 0 1
0.34025 1 0 1
0.34075 1 0 1
0.34125 1 0 1
0.34175 1 0 1
0.34225 1 0 1
0.34275 1 0 1
0.34325 1 0 1
0.34375 1 0 1
0.34425 1 0 1
0.34475 1 0 1
0.34525 1 0 1
0.34575 1 0 1
0.34625 1 0 1
0.34675 1 0 1
0.34725 1 0 1
0.34775 1 0 1
0.34825 1 0 1
0.34875 1 0 1
0.34925 1 0 1
0.34975 1 0 1
0.35025 1 0 1
0.35075 1 0 1
0.35125 1 0 1
0.35175 1 0 1
0.35225 1 0 1
0.35275 1 0 1
0.35325 1 0 1
0.35375 1 0 1
0.35425 1 0 1
0.35475 1 0 1
0.35525 1 0 1
0.35575 1 0 1
0.35625 1 0 1
0.35675 1 0 1
0.35725 1 0 1
0.35775 1 0 1
0.35825 1 0 1
0.35875 1 0 1
0.35925 1 0 1
0.35975 1 0 1
0.36025 1 0 1
0.36075 1 0 1
0.36125 1 0 1
0.36175 1 0 1
0.36225 1 0 1
0.36275 1 0 1
0.36325 1 0 1
0.36375 1 0 1
0.36425 1 0 1
0.36475 1 0 1
0.36525 1 0 1
0.36575 1 0 1
0.36625 1 0 1
0.36675 1 0 1
0.36725 1 0 1
0.36775 1 0 1
0.36825 1 0 1
0.36875 1 0 1
0.36925 1 0 1
0.36975 1 0 1
0.37025 1 0 1
0.37075 1 0 1
0.37125 1 0 1
0.37175 1 0 1
0.37225 1 0 1
0.37275 1 0 1
0.37325 1 0 1
0.37375 1 0 1
0.37425 1 0 1
0.37475 1 0 1
0.37525 1 0 1
0.37575 1 0 1
0.37625 1 0 1
0.37675 1 0 1
0.37725 1 0 1
0.37775 1 0 1
0.37825 1 0 1
0.37875 1 0 1
0.37925 1 0 1
0.37975 1 0 1
0.38025 1 0 1
0.38075 1 0 1
0.38125 1 0 1
0.38175 1 0 1
0.38225 1 0 1
0.38275 1 0 1
0.38325 1 0 1
0.38375 1 0 1
0.38425 1 0 1
0.38475 1 0 1
0.38525 1 0 1
0.38575 1 0 1
0.38625 1 0 1
0.38675 1 0 1
0.38725 1 0 1
0.38775 1 0 1
0.38825 1 0 1
0.38875 1 0 1
0.38925 1 0 1
0.38975 1 0 1
0.39025 1 0 1
0.39075 1 0 1
0.39125 1 0 1
0.39175 1 0 1
0.39225 1 0 1
0.39275 1 0 1
0.39325 1 0 1
0.39375 1 0 1
0.39425 1 0 1
0.39475 1 0 1
0.39525 1 0 1
0.39575 1 0 1
0.39625 1 0 1
0.39675 1 0 1
0.39725 1 0 1
0.39775 1 0 1
0.39825 1 0 1
0.39875 1 0 1
0.39925 1 0 1
0.39975 1 0 1
0.40025 0.125 0 0.1
0.40075 0.125 0 0.1
0.40125 0.125 0 0.1
0.40175 0.125 0 0.1
0.40225 0.125 0 0.1
0.40275 0.125 0 0.1
0.40325 0.125 0 0.1
0.40375 0.125 0 0.1
0.40425 0.125 0 0.1
0.40475 0.125 0 0.1
0.40525 0.125 0 0.1
0.40575 0.125 0 0.1
0.40625 0.125 0 0.1
0.40675 0.125 0 0.1
0.40725 0.125 0 0.1
0.40775 0.125 0 0.1
0.40825 0.125 0 0.1
0.40875 0.125 0 0.1
0.40925 0.125 0 0.1
0.40975 0.125 0 0.1
0.41025 0.125 0 0.1
0.41075 0.125 0 0.1
0.41125 0.125 0 0.1
0.41175 0.125 0 0.1
0.41225 0.125 0 0.1
0.41275 0.125 0 0.1
0.41325 0.125 0 0.1
0.41375 0.125 0 0.1
0.41425 0.125 0 0.1
0.41475 0.125 0 0.1
0.41525 0.125 0 0.1
0.41575 0.125 0 0.1
0.41625 0.125 0 0.1
0.41675 0.125 0 0.1
0.41725 0.125 0 0.1
0.41775 0.125 0 0.1
0.41825 0.125 0 0.1
0.41875 0.125 0 0.1
0.41925 0.125 0 0.1
0.41975 0.125 0 0.1
0.42025 0.125 0 0.1
0.42075 0.125 0 0.1
0.42125 0.125 0 0.1
0.42175 0.125 0 0.1
0.42225 0.125 0 0.1
0.42275 0.125 0 0.1
0.42325 0.125 0 0.1
0.42375 0.125 0 0.1
0.42425 0.125 0 0.1
0.42475 0.125 0 0.1
0.42525 0.125 0 0.1
0.42575 0.125 0 0.1
0.42625 0.125 0 0.1
0.42675 0.125 0 0.1
0.42725 0.125 0 0.1
0.42775 0.125 0 0.1
0.42825 0.125 0 0.1
0.42875 0.125 0 0.1
0.42925 0.125 0 0.1
0.42975 0.125 0 0.1
0.43025 0.125 0 0.1
0.43075 0.125 0 0.1
0.43125 0.125 0 0.1
0.43175 0.125 0 0.1
0.43225 0.125 0 0.1
0.43275 0.125 0 0.1
0.43325 0.125 0 0.1
0.43375 0.125 0 0.1
0.43425 0.125 0 0.1
0.43475 0.125 0 0.1
0.43525 0.125 0 0.1
0.43575 0.125 0 0.1
0.43625 0.125 0 0.1
0.43675 0.125 0 0.1
0.43725 0.125 0 0.1
0.43775 0.125 0 0.1
0.43825 0.125 0 0.1
0.43875 0.125 0 0.1
0.43925 0.125 0 0.1
0.43975 0.125 0 0.1
0.44025 0.125 0 0.1
0.44075 0.125 0 0.1
0.44125 0.125 0 0.1
0.44175 0.125 0 0.1
0.44225 0.125 0 0.1
0.44275 0.125 0 0.1
0.44325 0.125 0 0.1
0.44375 0.125 0 0.1
0.44425 0.125 0 0.1
0.44475 0.125 0 0.1
0.44525 0.125 0 0.1
0.44575 0.125 0 0.1
0.44625 0.125 0 0.1
0.44675 0.125 0 0.1
0.44725 0.125 0 0.1
0.44775 0.125 0 0.1
0.44825 0.125 0 0.1
0.44875 0.125 0 0.1
0.44925 0.125 0 0.1
0.44975 0.125 0 0.1
0.45025 0.125 0 0.1
0.45075 0.125 0 0.1
0.45125 0.125 0 0.1
0.45175 0.125 0 0.1
0.45225 0.125 0 0.1
0.45275 0.125 0 0.1
0.45325 0.125 0 0.1
0.45375 0.125 0 0.1
0.45425 0.125 0 0.1
0.45475 0.125 0 0.1
0.45525 0.125 0 0.1
0.45575 0.125 0 0.1
0.45625 0.125 0 0.1
0.45675 0.125 0 0.1
0.45725 0.125 0 0.1
0.45775 0.125 0 0.1
0.45825 0.125 0 0.1
0.45875 0.125 0 0.1
0.45925 0.125 0 0.1
0.45975 0.125 0 0.1
0.46025 0.125 0 0.1
0.46075 0.125 0 0.1
0.46125 0.125 0 0.1
0.46175 0.125 0 0.1
0.46225 0.125 0 0.1
0.46275 0.125 0 0.1
0.46325 0.125 0 0.1
0.46375 0.125 0 0.1
0.46425 0.125 0 0.1
0.46475 0.125 0 0.1
0.46525 0.125 0 0.1
0.46575 0.125 0 0.1
0.46625 0.125 0 0.1
0.46675 0.125 0 0.1
0.46725 0.125 0 0.1
0.46775 0.125 0 0.1
0.46825 0.125 0 0.1
0.46875 0.125 0 0.1
0.46925 0.125 0 0.1
0.46975 0.125 0 0.1
0.47025 0.125 0 0.1
0.47075 0.125 0 0.1
0.47125 0.125 0 0.1
0.47175 0.125 0 0.1
0.47225 0.125 0 0.1
0.47275 0.125 0 0.1
0.47325 0.125 0 0.1
0.47375 0.125 0 0.1
0.47425 0.125 0 0.1
0.47475 0.125 0 0.1
0.47525 0.125 0 0.1
0.47575 0.125 0 0.1
0.47625 0.125 0 0.1
0.47675 0.125 0 0.1
0.47725 0.125 0 0.1
0.47775 0.125 0 0.1
0.47825 0.125 0 0.1
0.47875 0.125 0 0.1
0.47925 0.125 0 0.1
0.47975 0.125 0 0.1
0.48025 0.125 0 0.1
0.48075 0.125 0 0.1
0.48125 0.125 0 0.1
0.48175 0.125 0 0.1
0.48225 0.125 0 0.1
0.48275 0.125 0 0.1
0.48325 0.125 0 0.1
0.48375 0.125 0 0.1
0.48425 0.125 0 0.1
0.48475 0.125 0 0.1
0.48525 0.125 0 0.1
0.48575 0.125 0 0.1
0.48625 0.125 0 0.1
0.48675 0.125 0 0.1
0.48725 0.125 0 0.1
0.48775 0.125 0 0.1
0.48825 0.125 0 0.1
0.48875 0.125 0 0.1
0.48925 0.125 0 0.1
0.48975 0.125 0 0.1
0.49025 0.125 0 0.1
0.49075 0.125 0 0.1
0.49125 0.125 0 0.1
0.49175 0.125 0 0.1
0.49225 0.125 0 0.1
0.49275 0.125 0 0.1
0.49325 0.125 0 0.1
0.49375 0.125 0 0.1
0.49425 0.125 0 0.1
0.49475 0.125 0 0.1
0.49525 0.125 0 0.1
0.49575 0.125 0 0.1
0.49625 0.125 0 0.1
0.49675 0.125 0 0.1
0.49725 0.125 0 0.1
0.49775 0.125 0 0.1
0.49825 0.125 0 0.1
0.49875 0.125 0 0.1
0.49925 0.125 0 0.1
0.49975 0.125 0 0.1
0.50025 0.125 0 0.1
0.50075 0.125 0 0.1
0.50125 0.125 0 0.1
0.50175 0.125 0 0.1
0.50225 0.125 0 0.1
0.50275 0.125 0 0.1
0.50325 0.125 0 0.1
0.50375 0.125 0 0.1
0.50425 0.125 0 0.1
0.50475 0.125 0 0.1
0.50525 0.125 0 0.1
0.50575 0.125 0 0.1
0.50625 0.125 0 0.1
0.50675 0.125 0 0.1
0.50725 0.125 0 0.1
0.50775 0.125 0 0.1
0.50825 0.125 0 0.1
0.50875 0.125 0 0.1
0.50925 0.125 0 0.1
0.50975 0.125 0 0.1
0.51025 0.125 0 0.1
0.51075 0.125 0 0.1
0.51125 0.125 0 0.1
0.51175 0.125 0 0.1
0.51225 0.125 0 0.1
0.51275 0.125 0 0.1
0.51325 0.125 0 0.1
0.51375 0.125 0 0.1
0.51425 0.125 0 0.1
0.51475 0.125 0 0.1
0.51525 0.125 0 0.1
0.51575 0.125 0 0.1
0.51625 0.125 0 0.1
0.51675 0.125 0 0.1
0.51725 0.125 0 0.1
0.51775 0.125 0 0.1
0.51825 0.125 0 0.1
0.51875 0.125 0 0.1
0.51925 0.125 0 0.1
0.51975 0.125 0 0.1
0.52025 0.125 0 0.1
0.52075 0.125 0 0.1
0.52125 0.125 0 0.1
0.52175 0.125 0 0.1
0.52225 0.125 0 0.1
0.52275 0.125 0 0.1
0.52325 0.125 0 0.1
0.52375 0.125 0 0.1
0.52425 0.125 0 0.1
0.52475 0.125 0 0.1
0.52525 0.125 0 0.1
0.52575 0.125 0 0.1
0.52625 0.125 0 0.1
0.52675 0.125 0 0.1
0.52725 0.125 0 0.1
0.52775 0.125 0 0.1
0.52825 0.125 0 0.1
0.52875 0.125 0 0.1
0.52925 0.125 0 0.1
0.52975 0.125 0 0.1
0.53025 0.125 0 0.1
0.53075 0.125 0 0.1
0.53125 0.125 0 0.1
0.53175 0.125 0 0.1
0.53225 0.125 0 0.1
0.53275 0.125 0 0.1
0.53325 0.125 0 0.1
0.53375 0.125 0 0.1
0.53425 0.125 0 0.1
0.53475 0.125 0 0.1
0.53525 0.125 0 0.1
0.53575 0.125 0 0.1
0.53625 0.125 0 0.1
0.53675 0.125 0 0.1
0.53725 0.125 0 0.1
0.53775 0.125 0 0.1
0.53825 0.125 0 0.1
0.53875 0.125 0 0.1
0.53925 0.125 0 0.1
0.53975 0.125 0 0.1
0.54025 0.125 0 0.1
0.54075 0.125 0 0.1
0.54125 0.125 0 0.1
0.54175 0.125 0 0.1
0.54225 0.125 0 0.1
0.54275 0.125 0 0.1
0.54325 0.125 0 0.1
0.54375 0.125 0 0.1
0.54425 0.125 0 0.1
0.54475 0.125 0 0.1
0.54525 0.125 0 0.1
0.54575 0.125 0 0.1
0.54625 0.125 0 0.1
0.54675 0.125 0 0.1
0.54725 0.125 0 0.1
0.54775 0.125 0 0.1
0.54825 0.125 0 0.1
0.54875 0.125 0 0.1
0.54925 0.125 0 0.1
0.54975 0.125 0 0.1
0.55025 0.125 0 0.1
0.55075 0.125 0 0.1
0.55125 0.125 0 0.1
0.55175 0.125 0 0.1
0.55225 0.125 0 0.1
0.55275 0.125 0 0.1
0.55325 0.125 0 0.1
0.55375 0.125 0 0.1
0.55425 0.125 0 0.1
0.55475 0.125 0 0.1
0.55525 0.125 0 0.1
0.55575 0.125 0 0.1
0.55625 0.125 0 0.1
0.55675 0.125 0 0.1
0.55725 0.125 0 0.1
0.55775 0.125 0 0.1
0.55825 0.125 0 0.1
0.55875 0.125 0 0.1
0.55925 0.125 0 0.1
0.55975 0.125 0 0.1
0.56025 0.125 0 0.1
0.56075 0.125 0 0.1
0.56125 0.125 0 0.1
0.56175 0.125 0 0.1
0.56225 0.125 0 0.1
0.56275 0.125 0 0.1
0.56325 0.125 0 0.1
0.56375 0.125 0 0.1
0.56425 0.125 0 0.1
0.56475 0.125 0 0.1
0.56525 0.125 0 0.1
0.56575 0.125 0 0.1
0.56625 0.125 0 0.1
0.56675 0.125 0 0.1
0.56725 0.125 0 0.1
0.56775 0.125 0 0.1
0.56825 0.125 0 0.1
0.56875 0.125 0 0.1
0.56925 0.125 0 0.1
0.56975 0.125 0 0.1
0.57025 0.125 0 0.1
0.57075 0.125 0 0.1
0.57125 0.125 0 0.1
0.57175 0.125 0 0.1
0.57225 0.125 0 0.1
0.57275 0.125 0 0.1
0.57325 0.125 0 0.1
0.57375 0.125 0 0.1
0.57425 0.125 0 0.1
0.57475 0.125 0 0.1
0.57525 0.125 0 0.1
0.57575 0.125 0 0.1
0.57625 0.125 0 0.1
0.57675 0.125 0 0.1
0.57725 0.125 0 0.1
0.57775 0.125 0 0.1
0.57825 0.125 0 0.1
0.57875 0.125 0 0.1
0.57925 0.125 0 0.1
0.57975 0.125 0 0.1
0.58025 0.125 0 0.1
0.58075 0.125 0 0.1
0.58125 0.125 0 0.1
0.58175 0.125 0 0.1
0.58225 0.125 0 0.1
0.58275 0.125 0 0.1
0.58325 0.125 0 0.1
0.58375 0.125 0 0.1
0.58425 0.125 0 0.1
0.58475 0.125 0 0.1
0.58525 0.125 0 0.1
0.58575 0.125 0 0.1
0.58625 0.125 0 0.1
0.58675 0.125 0 0.1
0.58725 0.125 0 0.1
0.58775 0.125 0 0.1
0.58825 0.125 0 0.1
0.58875 0.125 0 0.1
0.58925 0.125 0 0.1
0.58975 0.125 0 0.1
0.59025 0.125 0 0.1
0.59075 0.125 0 0.1
0.59125 0.125 0 0.1
0.59175 0.125 0 0.1
0.59225 0.125 0 0.1
0.59275 0.125 0 0.1
0.59325 0.125 0 0.1
0.59375 0.125 0 0.1
0.59425 0.125 0 0.1
0.59475 0.125 0 0.1
0.59525 0.125 0 0.1
0.59575 0.125 0 0.1
0.59625 0.125 0 0.1
0.59675 0.125 0 0.1
0.59725 0.125 0 0.1
0.59775 0.125 0 0.1
0.59825 0.125 0 0.1
0.59875 0.125 0 0.1
0.59925 0.125 0 0.1
0.59975 0.125 0 0.1
0.60025 0.125 0 0.1
0.60075 0.125 0 0.1
0.60125 0.125 0 0.1
0.60175 0.125 0 0.1
0.60225 0.125 0 0.1
0.60275 0.125 0 0.1
0.60325 0.125 0 0.1
0.60375 0.125 0 0.1
0.60425 0.125 0 0.1
0.60475 0.125 0 0.1
0.60525 0.125 0 0.1
0.60575 0.125 0 0.1
0.60625 0.125 0 0.1
0.60675 0.125 0 0.1
0.60725 0.125 0 0.1
0.60775 0.125 0 0.1
0.60825 0.125 0 0.1
0.60875 0.125 0 0.1
0.60925 0.125 0 0.1
0.60975 0.125 0 0.1
0.61025 0.125 0 0.1
0.61075 0.125 0 0.1
0.61125 0.125 0 0.1
0.61175 0.125 0 0.1
0.61225 0.125 0 0.1
0.61275 0.125 0 0.1
0.61325 0.125 0 0.1
0.61375 0.125 0 0.1
0.61425 0.125 0 0.1
0.61475 0.125 0 0.1
0.61525 0.125 0 0.1
0.61575 0.125 0 0.1
0.61625 0.125 0 0.1
0.61675 0.125 0 0.1
0.61725 0.125 0 0.1
0.61775 0.125 0 0.1
0.61825 0.125 0 0.1
0.61875 0.125 0 0.1
0.61925 0.125 0 0.1
0.61975 0.125 0 0.1
0.62025 0.125 0 0.1
0.62075 0.125 0 0.1
0.62125 0.125 0 0.1
0.62175 0.125 0 0.1
0.62225 0.125 0 0.1
0.62275 0.125 0 0.1
0.62325 0.125 0 0.1
0.62375 0.125 0 0.1
0.62425 0.125 0 0.1
0.62475 0.125 0 0.1
0.62525 0.125 0 0.1
0.62575 0.125 0 0.1
0.62625 0.125 0 0.1
0.62675 0.125 0 0.1
0.62725 0.125 0 0.1
0.62775 0.125 0 0.1
0.62825 0.125 0 0.1
0.62875 0.125 0 0.1
0.62925 0.125 0 0.1
0.62975 0.125 0 0.1
0.63025 0.125 0 0.1
0.63075 0.125 0 0.1
0.63125 0.125 0 0.1
0.63175 0.125 0 0.1
0.63225 0.125 0 0.1
0.63275 0.125 0 0.1
0.63325 0.125 0 0.1
0.63375 0.125 0 0.1
0.63425 0.125 0 0.1
0.63475 0.125 0 0.1
0.63525 0.125 0 0.1
0.63575 0.125 0 0.1
0.63625 0.125 0 0.1
0.63675 0.125 0 0.1
0.63725 0.125 0 0.1
0.63775 0.125 0 0.1
0.63825 0.125 0 0.1
0.63875 0.125 0 0.1
0.63925 0.125 0 0.1
0.63975 0.125 0 0.1
0.64025 0.125 0 0.1
0.64075 0.125 0 0.1
0.64125 0.125 0 0.1
0.64175 0.125 0 0.1
0.64225 0.125 0 0.1
0.64275 0.125 0 0.1
0.64325 0.125 0 0.1
0.64375 0.125 0 0.1
0.64425 0.125 0 0.1
0.64475 0.125 0 0.1
0.64525 0.125 0 0.1
0.64575 0.125 0 0.1
0.64625 0.125 0 0.1
0.64675 0.125 0 0.1
0.64725 0.125 0 0.1
0.64775 0.125 0 0.1
0.64825 0.125 0 0.1
0.64875 0.125 0 0.1
0.64925 0.125 0 0.1
0.64975 0.125 0 0.1
0.65025 0.125 0 0.1
0.65075 0.125 0 0.1
0.65125 0.125 0 0.1
0.65175 0.125 0 0.1
0.65225 0.125 0 0.1
0.65275 0.125 0 0.1
0.65325 0.125 0 0.1
0.65375 0.125 0 0.1
0.65425 0.125 0 0.1
0.65475 0.125 0 0.1
0.65525 0.125 0 0.1
0.65575 0.125 0 0.1
0.65625 0.125 0 0.1
0.65675 0.125 0 0.1
0.65725 0.125 0 0.1
0.65775 0.125 0 0.1
0.65825 0.125 0 0.1
0.65875 0.125 0 0.1
0.65925 0.125 0 0.1
0.65975 0.125 0 0.1
0.66025 0.125 0 0.1
0.66075 0.125 0 0.1
0.66125 0.125 0 0.1
0.66175 0.125 0 0.1
0.66225 0.125 0 0.1
0.66275 0.125 0 0.1
0.66325 0.125 0 0.1
0.66375 0.125 0 0.1
0.66425 0.125 0 0.1
0.66475 0.125 0 0.1
0.66525 0.125 0 0.1
0.66575 0.125 0 0.1
0.66625 0.125 0 0.1
0.66675 0.125 0 0.1
0.66725 0.125 0 0.1
0.66775 0.125 0 0.1
0.66825 0.125 0 0.1
0.66875 0.125 0 0.1
0.66925 0.125 0 0.1
0.66975 0.125 0 0.1
0.67025 0.125 0 0.1
0.67075 0.125 0 0.1
0.67125 0.125 0 0.1
0.67175 0.125 0 0.1
0.67225 0.125 0 0.1
0.67275 0.125 0 0.1
0.67325 0.125 0 0.1
0.67375 0.125 0 0.1
0.67425 0.125 0 0.1
0.67475 0.125 0 0.1
0.67525 0.125 0 0.1
0.67575 0.125 0 0.1
0.67625 0.125 0 0.1
0.67675 0.125 0 0.1
0.67725 0.125 0 0.1
0.67775 0.125 0 0.1
0.67825 0.125 0 0.1
0.67875 0.125 0 0.1
0.67925 0.125 0 0.1
0.67975 0.125 0 0.1
0.68025 0.125 0 0.1
0.68075 0.125 0 0.1
0.68125 0.125 0 0.1
0.68175 0.125 0 0.1
0.68225 0.125 0 0.1
0.68275 0.125 0 0.1
0.68325 0.125 0 0.1
0.68375 0.125 0 0.1
0.68425 0.125 0 0.1
0.68475 0.125 0 0.1
0.68525 0.125 0 0.1
0.68575 0.125 0 0.1
0.68625 0.125 0 0.1
0.68675 0.125 0 0.1
0.68725 0.125 0 0.1
0.68775 0.125 0 0.1
0.68825 0.125 0 0.1
0.68875 0.125 0 0.1
0.68925 0.125 0 0.1
0.68975 0.125 0 0.1
0.69025 0.125 0 0.1
0.69075 0.125 0 0.1
0.69125 0.125 0 0.1
0.69175 0.125 0 0.1
0.69225 0.125 0 0.1
0.69275 0.125 0 0.1
0.69325 0.125 0 0.1
0.69375 0.125 0 0.1
0.69425 0.125 0 0.1
0.69475 0.125 0 0.1
0.69525 0.125 0 0.1
0.69575 0.125 0 0.1
0.69625 0.125 0 0.1
0.69675 0.125 0 0.1
0.69725 0.125 0 0.1
0.69775 0.125 0 0.1
0.69825 0.125 0 0.1
0.69875 0.125 0 0.1
0.69925 0.125 0 0.1
0.69975 0.125 0 0.1
0.70025 0.125 0 0.1
0.70075 0.125 0 0.1
0.70125 0.125 0 0.1
0.70175 0.125 0 0.1
0.70225 0.125 0 0.1
0.70275 0.125 0 0.1
0.70325 0.125 0 0.1
0.70375 0.125 0 0.1
0.70425 0.125 0 0.1
0.70475 0.125 0 0.1
0.70525 0.125 0 0.1
0.70575 0.125 0 0.1
0.70625 0.125 0 0.1
0.70675 0.125 0 0.1
0.70725 0.125 0 0.1
0.70775 0.125 0 0.1
0.70825 0.125 0 0.1
0.70875 0.125 0 0.1
0.70925 0.125 0 0.1
0.70975 0.125 0 0.1
0.71025 0.125 0 0.1
0.71075 0.125 0 0.1
0.71125 0.125 0 0.1
0.71175 0.125 0 0.1
0.71225 0.125 0 0.1
0.71275 0.125 0 0.1
0.71325 0.125 0 0.1
0.71375 0.125 0 0.1
0.71425 0.125 0 0.1
0.71475 0.125 0 0.1
0.71525 0.125 0 0.1
0.71575 0.125 0 0.1
0.71625 0.125 0 0.1
0.71675 0.125 0 0.1
0.71725 0.125 0 0.1
0.71775 0.125 0 0.1
0.71825 0.125 0 0.1
0.71875 0.125 0 0.1
0.71925 0.125 0 0.1
0.71975 0.125 0 0.1
0.72025 0.125 0 0.1
0.72075 0.125 0 0.1
0.72125 0.125 0 0.1
0.72175 0.125 0 0.1
0.72225 0.125 0 0.1
0.72275 0.125 0 0.1
0.72325 0.125 0 0.1
0.72375 0.125 0 0.1
0.72425 0.125 0 0.1
0.72475 0.125 0 0.1
0.72525 0.125 0 0.1
0.72575 0.125 0 0.1
0.72625 0.125 0 0.1
0.72675 0.125 0 0.1
0.72725 0.125 0 0.1
0.72775 0.125 0 0.1
0.72825 0.125 0 0.1
0.72875 0.125 0 0.1
0.72925 0.125 0 0.1
0.72975 0.125 0 0.1
0.73025 0.125 0 0.1
0.73075 0.125 0 0.1
0.73125 0.125 0 0.1
0.73175 0.125 0 0.1
0.73225 0.125 0 0.1
0.73275 0.125 0 0.1
0.73325 0.125 0 0.1
0.73375 0.125 0 0.1
0.73425 0.125 0 0.1
0.73475 0.125 0 0.1
0.73525 0.125 0 0.1
0.73575 0.125 0 0.1
0.73625 0.125 0 0.1
0.73675 0.125 0 0.1
0.73725 0.125 0 0.1
0.73775 0.125 0 0.1
0.73825 0.125 0 0.1
0.73875 0.125 0 0.1
0.73925 0.125 0 0.1
0.73975 0.125 0 0.1
0.74025 0.125 0 0.1
0.74075 0.125 0 0.1
0.74125 0.125 0 0.1
0.74175 0.125 0 0.1
0.74225 0.125 0 0.1
0.74275 0.125 0 0.1
0.74325 0.125 0 0.1
0.74375 0.125 0 0.1
0.74425 0.125 0 0.1
0.74475 0.125 0 0.1
0.74525 0.125 0 0.1
0.74575 0.125 0 0.1
0.74625 0.125 0 0.1
0.74675 0.125 0 0.1
0.74725 0.125 0 0.1
0.74775 0.125 0 0.1
0.74825 0.125 0 0.1
0.74875 0.125 0 0.1
0.74925 0.125 0 0.1
0.74975 0.125 0 0.1
0.75025 0.125 0 0.1
0.75075 0.125 0 0.1
0.75125 0.125 0 0.1
0.75175 0.125 0 0.1
0.75225 0.125 0 0.1
0.75275 0.125 0 0.1
0.75325 0.125 0 0.1
0.75375 0.125 0 0.1
0.75425 0.125 0 0.1
0.75475 0.125 0 0.1
0.75525 0.125 0 0.1
0.75575 0.125 0 0.1
0.75625 0.125 0 0.1
0.75675 0.125 0 0.1
0.75725 0.125 0 0.1
0.75775 0.125 0 0.1
0.75825 0.125 0 0.1
0.75875 0.125 0 0.1
0.75925 0.125 0 0.1
0.75975 0.125 0 0.1
0.76025 0.125 0 0.1
0.76075 0.125 0 0.1
0.76125 0.125 0 0.1
0.76175 0.125 0 0.1
0.76225 0.125 0 0.1
0.76275 0.125 0 0.1
0.76325 0.125 0 0.1
0.76375 0.125 0 0.1
0.76425 0.125 0 0.1
0.76475 0.125 0 0.1
0.76525 0.125 0 0.1
0.76575 0.125 0 0.1
0.76625 0.125 0 0.1
0.76675 0.125 0 0.1
0.76725 0.125 0 0.1
0.76775 0.125 0 0.1
0.76825 0.125 0 0.1
0.76875 0.125 0 0.1
0.76925 0.125 0 0.1
0.76975 0.125 0 0.1
0.77025 0.125 0 0.1
0.77075 0.125 0 0.1
0.77125 0.125 0 0.1
0.77175 0.125 0 0.1
0.77225 0.125 0 0.1
0.77275 0.125 0 0.1
0.77325 0.125 0 0.1
0.77375 0.125 0 0.1
0.77425 0.125 0 0.1
0.77475 0.125 0 0.1
0.77525 0.125 0 0.1
0.77575 0.125 0 0.1
0.77625 0.125 0 0.1
0.77675 0.125 0 0.1
0.77725 0.125 0 0.1
0.77775 0.125 0 0.1
0.77825 0.125 0 0.1
0.77875 0.125 0 0.1
0.77925 0.125 0 0.1
0.77975 0.125 0 0.1
0.78025 0.125 0 0.1
0.78075 0.125 0 0.1
0.78125 0.125 0 0.1
0.78175 0.125 0 0.1
0.78225 0.125 0 0.1
0.78275 0.125 0 0.1
0.78325 0.125 0 0.1
0.78375 0.125 0 0.1
0.78425 0.125 0 0.1
0.78475 0.125 0 0.1
0.78525 0.125 0 0.1
0.78575 0.125 0 0.1
0.78625 0.125 0 0.1
0.78675 0.125 0 0.1
0.78725 0.125 0 0.1
0.78775 0.125 0 0.1
0.78825 0.125 0 0.1
0.78875 0.125 0 0.1
0.78925 0.125 0 0.1
0.78975 0.125 0 0.1
0.79025 0.125 0 0.1
0.79075 0.125 0 0.1
0.79125 0.125 0 0.1
0.79175 0.125 0 0.1
0.79225 0.125 0 0.1
0.79275 0.125 0 0.1
0.79325 0.125 0 0.1
0.79375 0.125 0 0.1
0.79425 0.125 0 0.1
0.79475 0.125 0 0.1
0.79525 0.125 0 0.1
0.79575 0.125 0 0.1
0.79625 0.125 0 0.1
0.79675 0.125 0 0.1
0.79725 0.125 0 0.1
0.79775 0.125 0 0.1
0.79825 0.125 0 0.1
0.79875 0.125 0 0.1
0.79925 0.125 0 0.1
0.79975 0.125 0 0.1
0.80025 0.125 0 0.1
0.80075 0.125 0 0.1
0.80125 0.125 0 0.1
0.80175 0.125 0 0.1
0.80225 0.125 0 0.1
0.80275 0.125 0 0.1
0.80325 0.125 0 0.1
0.80375 0.125 0 0.1
0.80425 0.125 0 0.1
0.80475 0.125 0 0.1
0.80525 0.125 0 0.1
0.80575 0.125 0 0.1
0.80625 0.125 0 0.1
0.80675 0.125 0 0.1
0.80725 0.125 0 0.1
0.80775 0.125 0 0.1
0.80825 0.125 0 0.1
0.80875 0.125 0 0.1
0.80925 0.125 0 0.1
0.80975 0.125 0 0.1
0.81025 0.125 0 0.1
0.81075 0.125 0 0.1
0.81125 0.125 0 0.1
0.81175 0.125 0 0.1
0.81225 0.125 0 0.1
0.81275 0.125 0 0.1
0.81325 0.125 0 0.1
0.81375 0.125 0 0.1
0.81425 0.125 0 0.1
0.81475 0.125 0 0.1
0.81525 0.125 0 0.1
0.81575 0.125 0 0.1
0.81625 0.125 0 0.1
0.81675 0.125 0 0.1
0.81725 0.125 0 0.1
0.81775 0.125 0 0.1
0.81825 0.125 0 0.1
0.81875 0.125 0 0.1
0.81925 0.125 0 0.1
0.81975 0.125 0 0.1
0.82025 0.125 0 0.1
0.82075 0.125 0 0.1
0.82125 0.125 0 0.1
0.82175 0.125 0 0.1
0.82225 0.125 0 0.1
0.82275 0.125 0 0.1
0.82325 0.125 0 0.1
0.82375 0.125 0 0.1
0.82425 0.125 0 0.1
0.82475 0.125 0 0.1
0.82525 0.125 0 0.1
0.82575 0.125 0 0.1
0.82625 0.125 0 0.1
0.82675 0.125 0 0.1
0.82725 0.125 0 0.1
0.82775 0.125 0 0.1
0.82825 0.125 0 0.1
0.82875 0.125 0 0.1
0.82925 0.125 0 0.1
0.82975 0.125 0 0.1
0.83025 0.125 0 0.1
0.83075 0.125 0 0.1
0.83125 0.125 0 0.1
0.83175 0.125 0 0.1
0.83225 0.125 0 0.1
0.83275 0.125 0 0.1
0.83325 0.125 0 0.1
0.83375 0.125 0 0.1
0.83425 0.125 0 0.1
0.83475 0.125 0 0.1
0.83525 0.125 0 0.1
0.83575 0.125 0 0.1
0.83625 0.125 0 0.1
0.83675 0.125 0 0.1
0.83725 0.125 0 0.1
0.83775 0.125 0 0.1
0.83825 0.125 0 0.1
0.83875 0.125 0 0.1
0.83925 0.125 0 0.1
0.83975 0.125 0 0.1
0.84025 0.125 0 0.1
0.84075 0.125 0 0.1
0.84125 0.125 0 0.1
0.84175 0.125 0 0.1
0.84225 0.125 0 0.1
0.84275 0.125 0 0.1
0.84325 0.125 0 0.1
0.84375 0.125 0 0.1
0.84425 0.125 0 0.1
0.84475 0.125 0 0.1
0.84525 0.125 0 0.1
0.84575 0.125 0 0.1
0.84625 0.125 0 0.1
0.84675 0.125 0 0.1
0.84725 0.125 0 0.1
0.84775 0.125 0 0.1
0.84825 0.125 0 0.1
0.84875 0.125 0 0.1
0.84925 0.125 0 0.1
0.84975 0.125 0 0.1
0.85025 0.125 0 0.1
0.85075 0.125 0 0.1
0.85125 0.125 0 0.1
0.85175 0.125 0 0.1
0.85225 0.125 0 0.1
0.85275 0.125 0 0.1
0.85325 0.125 0 0.1
0.85375 0.125 0 0.1
0.85425 0.125 0 0.1
0.85475 0.125 0 0.1
0.85525 0.125 0 0.1
0.85575 0.125 0 0.1
0.85625 0.125 0 0.1
0.85675 0.125 0 0.1
0.85725 0.125 0 0.1
0.85775 0.125 0 0.1
0.85825 0.125 0 0.1
0.85875 0.125 0 0.1
0.85925 0.125 0 0.1
0.85975 0.125 0 0.1
0.86025 0.125 0 0.1
0.86075 0.125 0 0.1
0.86125 0.125 0 0.1
0.86175 0.125 0 0.1
0.86225 0.125 0 0.1
0.86275 0.125 0 0.1
0.86325 0.125 0 0.1
0.86375 0.125 0 0.1
0.86425 0.125 0 0.1
0.86475 0.125 0 0.1
0.86525 0.125 0 0.1
0.86575 0.125 0 0.1
0.86625 0.125 0 0.1
0.86675 0.125 0 0.1
0.86725 0.125 0 0.1
0.86775 0.125 0 0.1
0.86825 0.125 0 0.1
0.86875 0.125 0 0.1
0.86925 0.125 0 0.1
0.86975 0.125 0 0.1
0.87025 0.125 0 0.1
0.87075 0.125 0 0.1
0.87125 0.125 0 0.1
0.87175 0.125 0 0.1
0.87225 0.125 0 0.1
0.87275 0.125 0 0.1
0.87325 0.125 0 0.1
0.87375 0.125 0 0.1
0.87425 0.125 0 0.1
0.87475 0.125 0 0.1
0.87525 0.125 0 0.1
0.87575 0.125 0 0.1
0.87625 0.125 0 0.1
0.87675 0.125 0 0.1
0.87725 0.125 0 0.1
0.87775 0.125 0 0.1
0.87825 0.125 0 0.1
0.87875 0.125 0 0.1
0.87925 0.125 0 0.1
0.87975 0.125 0 0.1
0.88025 0.125 0 0.1
0.88075 0.125 0 0.1
0.88125 0.125 0 0.1
0.88175 0.125 0 0.1
0.88225 0.125 0 0.1
0.88275 0.125 0 0.1
0.88325 0.125 0 0.1
0.88375 0.125 0 0.1
0.88425 0.125 0 0.1
0.88475 0.125 0 0.1
0.88525 0.125 0 0.1
0.88575 0.125 0 0.1
0.88625 0.125 0 0.1
0.88675 0.125 0 0.1
0.88725 0.125 0 0.1
0.88775 0.125 0 0.1
0.88825 0.125 0 0.1
0.88875 0.125 0 0.1
0.88925 0.125 0 0.1
0.88975 0.125 0 0.1
0.89025 0.125 0 0.1
0.89075 0.125 0 0.1
0.89125 0.125 0 0.1
0.89175 0.125 0 0.1
0.89225 0.125 0 0.1
0.89275 0.125 0 0.1
0.89325 0.125 0 0.1
0.89375 0.125 0 0.1
0.89425 0.125 0 0.1
0.89475 0.125 0 0.1
0.89525 0.125 0 0.1
0.89575 0.125 0 0.1
0.89625 0.125 0 0.1
0.89675 0.125 0 0.1
0.89725 0.125 0 0.1
0.89775 0.125 0 0.1
0.89825 0.125 0 0.1
0.89875 0.125 0 0.1
0.89925 0.125 0 0.1
0.89975 0.125 0 0.1
0.90025 0.125 0 0.1
0.90075 0.125 0 0.1
0.90125 0.125 0 0.1
0.90175 0.125 0 0.1
0.90225 0.125 0 0.1
0.90275 0.125 0 0.1
0.90325 0.125 0 0.1
0.90375 0.125 0 0.1
0.90425 0.125 0 0.1
0.90475 0.125 0 0.1
0.90525 0.125 0 0.1
0.90575 0.125 0 0.1
0.90625 0.125 0 0.1
0.90675 0.125 0 0.1
0.90725 0.125 0 0.1
0.90775 0.125 0 0.1
0.90825 0.125 0 0.1
0.90875 0.125 0 0.1
0.90925 0.125 0 0.1
0.90975 0.125 0 0.1
0.91025 0.125 0 0.1
0.91075 0.125 0 0.1
0.91125 0.125 0 0.1
0.91175 0.125 0 0.1
0.91225 0.125 0 0.1
0.91275 0.125 0 0.1
0.91325 0.125 0 0.1
0.91375 0.125 0 0.1
0.91425 0.125 0 0.1
0.91475 0.125 0 0.1
0.91525 0.125 0 0.1
0.91575 0.125 0 0.1
0.91625 0.125 0 0.1
0.91675 0.125 0 0.1
0.91725 0.125 0 0.1
0.91775 0.125 0 0.1
0.91825 0.125 0 0.1
0.91875 0.125 0 0.1
0.91925 0.125 0 0.1
0.91975 0.125 0 0.1
0.92025 0.125 0 0.1
0.92075 0.125 0 0.1
0.92125 0.125 0 0.1
0.92175 0.125 0 0.1
0.92225 0.125 0 0.1
0.92275 0.125 0 0.1
0.92325 0.125 0 0.1
0.92375 0.125 0 0.1
0.92425 0.125 0 0.1
0.92475 0.125 0 0.1
0.92525 0.125 0 0.1
0.92575 0.125 0 0.1
0.92625 0.125 0 0.1
0.92675 0.125 0 0.1
0.92725 0.125 0 0.1
0.92775 0.125 0 0.1
0.92825 0.125 0 0.1
0.92875 0.125 0 0.1
0.92925 0.125 0 0.1
0.92975 0.125 0 0.1
0.93025 0.125 0 0.1
0.93075 0.125 0 0.1
0.93125 0.125 0 0.1
0.93175 0.125 0 0.1
0.93225 0.125 0 0.1
0.93275 0.125 0 0.1
0.93325 0.125 0 0.1
0.93375 0.125 0 0.1
0.93425 0.125 0 0.1
0.93475 0.125 0 0.1
0.93525 0.125 0 0.1
0.93575 0.125 0 0.1
0.93625 0.125 0 0.1
0.93675 0.125 0 0.1
0.93725 0.125 0 0.1
0.93775 0.125 0 0.1
0.93825 0.125 0 0.1
0.93875 0.125 0 0.1
0.93925 0.125 0 0.1
0.93975 0.125 0 0.1
0.94025 0.125 0 0.1
0.94075 0.125 0 0.1
0.94125 0.125 0 0.1
0.94175 0.125 0 0.1
0.94225 0.125 0 0.1
0.94275 0.125 0 0.1
0.94325 0.125 0 0.1
0.94375 0.125 0 0.1
0.94425 0.125 0 0.1
0.94475 0.125 0 0.1
0.94525 0.125 0 0.1
0.94575 0.125 0 0.1
0.94625 0.125 0 0.1
0.94675 0.125 0 0.1
0.94725 0.125 0 0.1
0.94775 0.125 0 0.1
0.94825 0.125 0 0.1
0.94875 0.125 0 0.1
0.94925 0.125 0 0.1
0.94975 0.125 0 0.1
0.95025 0.125 0 0.1
0.95075 0.125 0 0.1
0.95125 0.125 0 0.1
0.95175 0.125 0 0.1
0.95225 0.125 0 0.1
0.95275 0.125 0 0.1
0.95325 0.125 0 0.1
0.95375 0.125 0 0.1
0.95425 0.125 0 0.1
0.95475 0.125 0 0.1
0.95525 0.125 0 0.1
0.95575 0.125 0 0.1
0.95625 0.125 0 0.1
0.95675 0.125 0 0.1
0.95725 0.125 0 0.1
0.95775 0.125 0 0.1
0.95825 0.125 0 0.1
0.95875 0.125 0 0.1
0.95925 0.125 0 0.1
0.95975 0.125 0 0.1
0.96025 0.125 0 0.1
0.96075 0.125 0 0.1
0.96125 0.125 0 0.1
0.96175 0.125 0 0.1
0.96225 0.125 0 0.1
0.96275 0.125 0 0.1
0.96325 0.125 0 0.1
0.96375 0.125 0 0.1
0.96425 0.125 0 0.1
0.96475 0.125 0 0.1
0.96525 0.125 0 0.1
0.96575 0.125 0 0.1
0.96625 0.125 0 0.1
0.96675 0.125 0 0.1
0.96725 0.125 0 0.1
0.96775 0.125 0 0.1
0.96825 0.125 0 0.1
0.96875 0.125 0 0.1
0.96925 0.125 0 0.1
0.96975 0.125 0 0.1
0.97025 0.125 0 0.1
0.97075 0.125 0 0.1
0.97125 0.125 0 0.1
0.97175 0.125 0 0.1
0.97225 0.125 0 0.1
0.97275 0.125 0 0.1
0.97325 0.125 0 0.1
0.97375 0.125 0 0.1
0.97425 0.125 0 0.1
0.97475 0.125 0 0.1
0.97525 0.125 0 0.1
0.97575 0.125 0 0.1
0.97625 0.125 0 0.1
0.97675 0.125 0 0.1
0.97725 0.125 0 0.1
0.97775 0.125 0 0.1
0.97825 0.125 0 0.1
0.97875 0.125 0 0.1
0.97925 0.125 0 0.1
0.97975 0.125 0 0.1
0.98025 0.125 0 0.1
0.98075 0.125 0 0.1
0.98125 0.125 0 0.1
0.98175 0.125 0 0.1
0.98225 0.125 0 0.1
0.98275 0.125 0 0.1
0.98325 0.125 0 0.1
0.98375 0.125 0 0.1
0.98425 0.125 0 0.1
0.98475 0.125 0 0.1
0.98525 0.125 0 0.1
0.98575 0.125 0 0.1
0.98625 0.125 0 0.1
0.98675 0.125 0 0.1
0.98725 0.125 0 0.1
0.98775 0.125 0 0.1
0.98825 0.125 0 0.1
0.98875 0.125 0 0.1
0.98925 0.125 0 0.1
0.98975 0.125 0 0.1
0.99025 0.125 0 0.1
0.99075 0.125 0 0.1
0.99125 0.125 0 0.1
0.99175 0.125 0 0.1
0.99225 0.125 0 0.1
0.99275 0.125 0 0.1
0.99325 0.125 0 0.1
0.99375 0.125 0 0.1
0.99425 0.125 0 0.1
0.99475 0.125 0 0.1
0.99525 0.125 0 0.1
0.99575 0.125 0 0.1
0.99625 0.125 0 0.1
0.99675 0.125 0 0.1
0.99725 0.125 0 0.1
0.99775 0.125 0 0.1
0.99825 0.125 0 0.1
0.99875 0.125 0 0.1
0.99925 0.125 0 0.1
0.99975 0.125 0 0.1
1.00025 0.125 0 0.1
