0 1 0 1
0.0005 1 0 1
0.001 1 0 1
0.0015 1 0 1
0.002 1 0 1
0.0025 1 0 1
0.003 1 0 1
0.0035 1 0 1
0.004 1 0 1
0.0045 1 0 1
0.005 1 0 1
0.0055 1 0 1
0.006 1 0 1
0.0065 1 0 1
0.007 1 0 1
0.0075 1 0 1
0.008 1 0 1
0.0085 1 0 1
0.009 1 0 1
0.0095 1 0 1
0.01 1 0 1
0.0105 1 0 1
0.011 1 0 1
0.0115 1 0 1
0.012 1 0 1
0.0125 1 0 1
0.013 1 0 1
0.0135 1 0 1
0.014 1 1.62109e-16 1
0.0145 1 2.02636e-16 1
0.015 1 3.24218e-16 1
0.0155 1 5.26854e-16 1
0.016 1 9.32127e-16 1
0.0165 1 1.58056e-15 1
0.017 1 2.75585e-15 1
0.0175 1 4.13378e-15 1
0.018 1 6.20067e-15 1
0.0185 1 8.87547e-15 1
0.019 1 1.2685e-14 1
0.0195 1 1.7832e-14 1
0.02 1 2.50053e-14 1
0.0205 1 3.4975e-14 1
0.021 1 4.84706e-14 1
0.0215 1 6.74373e-14 1
0.022 1 9.2929e-14 1
0.0225 1 1.28107e-13 1
0.023 1 1.76212e-13 1
0.0235 1 2.41745e-13 1
0.024 1 3.30702e-13 1
0.0245 1 4.51433e-13 1
0.025 1 6.14596e-13 1
0.0255 1 8.35186e-13 1
0.026 1 1.13233e-12 1
0.0265 1 1.53173e-12 1
0.027 1 2.06758e-12 1
0.0275 1 2.78499e-12 1
0.028 1 3.74354e-12 1
0.0285 1 5.02145e-12 1
0.029 1 6.72169e-12 1
0.0295 1 8.97877e-12 1
0.03 1 1.19689e-11 1
0.0305 1 1.59219e-11 1
0.031 1 2.11365e-11 1
0.0315 1 2.80017e-11 1
0.032 1 3.70203e-11 1
0.0325 1 4.88434e-11 1
0.033 1 6.43104e-11 1
0.0335 1 8.45023e-11 1
0.034 1 1.10807e-10 1
0.0345 1 1.45004e-10 1
0.035 1 1.89368e-10 1
0.0355 1 2.46802e-10 1
0.036 1 3.21002e-10 1
0.0365 1 4.16663e-10 1
0.037 1 5.39734e-10 1
0.0375 1 6.9774e-10 1
0.038 1 9.00177e-10 1
0.0385 1 1.159e-09 1
0.039 1 1.48923e-09 1
0.0395 1 1.90969e-09 1
0.04 1 2.44394e-09 1
0.0405 1 3.12134e-09 1
0.041 1 3.97849e-09 1
0.0415 1 5.06084e-09 1
0.042 1 6.42473e-09 1
0.0425 1 8.13984e-09 1
0.043 1 1.02922e-08 1
0.0435 1 1.29876e-08 1
0.044 1 1.63562e-08 1
0.0445 1 2.05575e-08 1
0.045 1 2.57864e-08 1
0.0455 1 3.22809e-08 1
0.046 1 4.03308e-08 1
0.0465 1 5.02879e-08 1
0.047 1 6.25789e-08 1
0.0475 1 7.77196e-08 1
0.048 1 9.63324e-08 1
0.0485 1 1.19167e-07 1
0.049 1 1.47122e-07 1
0.0495 1 1.81277e-07 1
0.05 1 2.2292e-07 1
0.0505 1 2.73591e-07 1
0.051 1 3.35118e-07 1
0.0515 1 4.09674e-07 1
0.052 1 4.99835e-07 0.999999
0.0525 0.999999 6.08642e-07 0.999999
0.053 0.999999 7.39683e-07 0.999999
0.0535 0.999999 8.97177e-07 0.999999
0.054 0.999999 1.08608e-06 0.999999
0.0545 0.999999 1.31218e-06 0.999998
0.055 0.999999 1.58227e-06 0.999998
0.0555 0.999998 1.90422e-06 0.999998
0.056 0.999998 2.28722e-06 0.999997
0.0565 0.999998 2.74192e-06 0.999997
0.057 0.999997 3.28062e-06 0.999996
0.0575 0.999997 3.91754e-06 0.999995
0.058 0.999996 4.66905e-06 0.999994
0.0585 0.999995 5.55395e-06 0.999993
0.059 0.999994 6.59377e-06 0.999992
0.0595 0.999993 7.81315e-06 0.999991
0.06 0.999992 9.24015e-06 0.999989
0.0605 0.999991 1.09067e-05 0.999987
0.061 0.999989 1.28491e-05 0.999985
0.0615 0.999987 1.51082e-05 0.999982
0.062 0.999985 1.77305e-05 0.999979
0.0625 0.999982 2.07679e-05 0.999975
0.063 0.999979 2.42791e-05 0.999971
0.0635 0.999976 2.83296e-05 0.999966
0.064 0.999972 3.29927e-05 0.999961
0.0645 0.999968 3.835e-05 0.999955
0.065 0.999962 4.44922e-05 0.999947
0.0655 0.999956 5.152e-05 0.999939
0.066 0.99995 5.95446e-05 0.99993
0.0665 0.999942 6.86885e-05 0.999919
0.067 0.999933 7.90866e-05 0.999906
0.0675 0.999923 9.08866e-05 0.999892
0.068 0.999912 0.00010425 0.999877
0.0685 0.999899 0.000119354 0.999859
0.069 0.999885 0.000136389 0.999839
0.0695 0.999869 0.000155563 0.999816
0.07 0.99985 0.000177101 0.99979
0.0705 0.99983 0.000201244 0.999762
0.071 0.999807 0.000228254 0.99973
0.0715 0.999782 0.000258409 0.999694
0.072 0.999753 0.000292007 0.999655
0.0725 0.999722 0.000329365 0.99961
0.073 0.999687 0.00037082 0.999561
0.0735 0.999648 0.000416728 0.999507
0.074 0.999605 0.000467467 0.999447
0.0745 0.999558 0.00052343 0.999381
0.075 0.999506 0.000585035 0.999308
0.0755 0.999448 0.000652713 0.999228
0.076 0.999386 0.000726917 0.99914
0.0765 0.999317 0.000808115 0.999044
0.077 0.999242 0.000896792 0.998939
0.0775 0.999161 0.000993449 0.998825
0.078 0.999072 0.0010986 0.998701
0.0785 0.998975 0.00121277 0.998566
0.079 0.998871 0.00133649 0.99842
0.0795 0.998758 0.00147031 0.998262
0.08 0.998636 0.00161479 0.998091
0.0805 0.998505 0.00177047 0.997907
0.081 0.998363 0.00193791 0.997709
0.0815 0.998211 0.00211769 0.997497
0.082 0.998049 0.00231034 0.99727
0.0825 0.997875 0.00251643 0.997026
0.083 0.997689 0.0027365 0.996767
0.0835 0.997491 0.00297109 0.99649
0.084 0.997281 0.00322072 0.996195
0.0845 0.997057 0.0034859 0.995883
0.085 0.99682 0.00376714 0.995551
0.0855 0.996569 0.0040649 0.9952
0.086 0.996304 0.00437964 0.994829
0.0865 0.996024 0.00471181 0.994438
0.087 0.995729 0.0050618 0.994026
0.0875 0.995419 0.00543002 0.993593
0.088 0.995093 0.0058168 0.993138
0.0885 0.994752 0.0062225 0.99266
0.089 0.994394 0.00664741 0.992161
0.0895 0.99402 0.0070918 0.991639
0.09 0.99363 0.00755591 0.991094
0.0905 0.993223 0.00803997 0.990525
0.091 0.992799 0.00854413 0.989934
0.0915 0.992358 0.00906857 0.989319
0.092 0.9919 0.00961339 0.98868
0.0925 0.991426 0.0101787 0.988018
0.093 0.990934 0.0107645 0.987332
0.0935 0.990425 0.0113709 0.986623
0.094 0.989899 0.0119978 0.98589
0.0945 0.989357 0.0126453 0.985133
0.095 0.988797 0.0133132 0.984353
0.0955 0.98822 0.0140015 0.98355
0.096 0.987627 0.01471 0.982724
0.0965 0.987017 0.0154388 0.981874
0.097 0.986391 0.0161875 0.981003
0.0975 0.985749 0.016956 0.980108
0.098 0.98509 0.0177442 0.979192
0.0985 0.984416 0.0185517 0.978254
0.099 0.983726 0.0193784 0.977294
0.0995 0.98302 0.0202241 0.976314
0.1 0.9823 0.0210884 0.975312
0.1005 0.981564 0.0219712 0.97429
0.101 0.980814 0.022872 0.973248
0.1015 0.980049 0.0237907 0.972186
0.102 0.979271 0.0247269 0.971106
0.1025 0.978478 0.0256803 0.970006
0.103 0.977672 0.0266507 0.968888
0.1035 0.976853 0.0276375 0.967752
0.104 0.976021 0.0286407 0.966598
0.1045 0.975176 0.0296597 0.965428
0.105 0.974319 0.0306943 0.96424
0.1055 0.97345 0.0317442 0.963037
0.106 0.972569 0.032809 0.961818
0.1065 0.971677 0.0338884 0.960583
0.107 0.970774 0.034982 0.959333
0.1075 0.96986 0.0360896 0.958069
0.108 0.968935 0.0372107 0.956791
0.1085 0.968 0.0383451 0.9555
0.109 0.967055 0.0394925 0.954195
0.1095 0.966101 0.0406524 0.952877
0.11 0.965137 0.0418247 0.951547
0.1105 0.964164 0.0430089 0.950205
0.111 0.963182 0.0442048 0.948851
0.1115 0.962192 0.0454121 0.947486
0.112 0.961193 0.0466305 0.94611
0.1125 0.960187 0.0478596 0.944724
0.113 0.959172 0.0490993 0.943328
0.1135 0.958151 0.0503492 0.941922
0.114 0.957121 0.051609 0.940506
0.1145 0.956085 0.0528785 0.939082
0.115 0.955043 0.0541574 0.937649
0.1155 0.953993 0.0554454 0.936208
0.116 0.952937 0.0567424 0.934758
0.1165 0.951876 0.058048 0.933301
0.117 0.950808 0.059362 0.931836
0.1175 0.949735 0.0606842 0.930365
0.118 0.948656 0.0620144 0.928886
0.1185 0.947572 0.0633523 0.927401
0.119 0.946482 0.0646977 0.925909
0.1195 0.945388 0.0660504 0.924412
0.12 0.944289 0.0674103 0.922909
0.1205 0.943186 0.068777 0.9214
0.121 0.942078 0.0701504 0.919886
0.1215 0.940966 0.0715304 0.918367
0.122 0.93985 0.0729167 0.916843
0.1225 0.93873 0.0743092 0.915314
0.123 0.937606 0.0757076 0.913781
0.1235 0.936479 0.0771119 0.912244
0.124 0.935348 0.0785218 0.910703
0.1245 0.934214 0.0799373 0.909158
0.125 0.933076 0.0813581 0.90761
0.1255 0.931936 0.082784 0.906058
0.126 0.930793 0.0842151 0.904503
0.1265 0.929647 0.0856511 0.902945
0.127 0.928498 0.0870918 0.901384
0.1275 0.927346 0.0885372 0.899821
0.128 0.926193 0.0899871 0.898255
0.1285 0.925037 0.0914414 0.896686
0.129 0.923878 0.0929 0.895115
0.1295 0.922718 0.0943628 0.893542
0.13 0.921555 0.0958296 0.891967
0.1305 0.92039 0.0973003 0.890391
0.131 0.919224 0.0987749 0.888812
0.1315 0.918056 0.100253 0.887232
0.132 0.916886 0.101735 0.885651
0.1325 0.915715 0.103221 0.884068
0.133 0.914542 0.104709 0.882484
0.1335 0.913367 0.106202 0.880899
0.134 0.912192 0.107697 0.879312
0.1345 0.911015 0.109196 0.877725
0.135 0.909836 0.110698 0.876137
0.1355 0.908657 0.112203 0.874549
0.136 0.907477 0.11371 0.872959
0.1365 0.906295 0.115221 0.87137
0.137 0.905113 0.116734 0.869779
0.1375 0.903929 0.11825 0.868189
0.138 0.902745 0.119769 0.866598
0.1385 0.90156 0.12129 0.865007
0.139 0.900375 0.122814 0.863416
0.1395 0.899189 0.12434 0.861824
0.14 0.898002 0.125869 0.860233
0.1405 0.896814 0.1274 0.858642
0.141 0.895626 0.128933 0.857051
0.1415 0.894438 0.130469 0.85546
0.142 0.893249 0.132006 0.85387
0.1425 0.89206 0.133546 0.85228
0.143 0.890871 0.135088 0.85069
0.1435 0.889681 0.136632 0.849101
0.144 0.888491 0.138177 0.847513
0.1445 0.887301 0.139725 0.845925
0.145 0.88611 0.141275 0.844337
0.1455 0.88492 0.142826 0.842751
0.146 0.883729 0.144379 0.841165
0.1465 0.882539 0.145934 0.83958
0.147 0.881348 0.14749 0.837995
0.1475 0.880158 0.149049 0.836412
0.148 0.878967 0.150609 0.834829
0.1485 0.877777 0.15217 0.833248
0.149 0.876586 0.153733 0.831667
0.1495 0.875396 0.155297 0.830088
0.15 0.874206 0.156863 0.828509
0.1505 0.873016 0.158431 0.826932
0.151 0.871827 0.159999 0.825356
0.1515 0.870637 0.16157 0.823781
0.152 0.869448 0.163141 0.822207
0.1525 0.868259 0.164714 0.820635
0.153 0.867071 0.166288 0.819064
0.1535 0.865883 0.167864 0.817494
0.154 0.864695 0.16944 0.815926
0.1545 0.863508 0.171018 0.814359
0.155 0.862321 0.172597 0.812793
0.1555 0.861134 0.174177 0.811229
0.156 0.859948 0.175758 0.809666
0.1565 0.858763 0.177341 0.808105
0.157 0.857578 0.178924 0.806545
0.1575 0.856393 0.180509 0.804987
0.158 0.855209 0.182094 0.80343
0.1585 0.854026 0.183681 0.801875
0.159 0.852843 0.185269 0.800322
0.1595 0.85166 0.186857 0.79877
0.16 0.850479 0.188447 0.79722
0.1605 0.849298 0.190037 0.795671
0.161 0.848117 0.191628 0.794124
0.1615 0.846937 0.193221 0.792579
0.162 0.845758 0.194814 0.791036
0.1625 0.84458 0.196408 0.789494
0.163 0.843402 0.198003 0.787954
0.1635 0.842225 0.199598 0.786416
0.164 0.841049 0.201195 0.78488
0.1645 0.839873 0.202792 0.783345
0.165 0.838698 0.20439 0.781813
0.1655 0.837524 0.205989 0.780282
0.166 0.83635 0.207589 0.778753
0.1665 0.835178 0.209189 0.777226
0.167 0.834006 0.21079 0.775701
0.1675 0.832835 0.212392 0.774177
0.168 0.831665 0.213994 0.772656
0.1685 0.830495 0.215597 0.771136
0.169 0.829327 0.217201 0.769619
0.1695 0.828159 0.218806 0.768103
0.17 0.826992 0.220411 0.766589
0.1705 0.825826 0.222016 0.765078
0.171 0.824661 0.223623 0.763568
0.1715 0.823497 0.22523 0.76206
0.172 0.822333 0.226837 0.760555
0.1725 0.821171 0.228445 0.759051
0.173 0.820009 0.230054 0.757549
0.1735 0.818848 0.231663 0.756049
0.174 0.817688 0.233273 0.754552
0.1745 0.81653 0.234884 0.753056
0.175 0.815372 0.236494 0.751562
0.1755 0.814215 0.238106 0.750071
0.176 0.813058 0.239718 0.748581
0.1765 0.811903 0.24133 0.747094
0.177 0.810749 0.242943 0.745609
0.1775 0.809596 0.244557 0.744125
0.178 0.808444 0.246171 0.742644
0.1785 0.807292 0.247785 0.741165
0.179 0.806142 0.2494 0.739688
0.1795 0.804993 0.251015 0.738213
0.18 0.803844 0.252631 0.73674
0.1805 0.802697 0.254247 0.73527
0.181 0.801551 0.255864 0.733801
0.1815 0.800406 0.257481 0.732335
0.182 0.799261 0.259098 0.730871
0.1825 0.798118 0.260716 0.729409
0.183 0.796976 0.262334 0.727949
0.1835 0.795834 0.263953 0.726491
0.184 0.794694 0.265572 0.725035
0.1845 0.793555 0.267192 0.723582
0.185 0.792417 0.268812 0.72213
0.1855 0.79128 0.270432 0.720681
0.186 0.790144 0.272052 0.719234
0.1865 0.789009 0.273673 0.717789
0.187 0.787875 0.275295 0.716347
0.1875 0.786742 0.276916 0.714906
0.188 0.78561 0.278538 0.713468
0.1885 0.784479 0.28016 0.712032
0.189 0.78335 0.281783 0.710598
0.1895 0.782221 0.283406 0.709166
0.19 0.781094 0.285029 0.707737
0.1905 0.779967 0.286653 0.706309
0.191 0.778842 0.288277 0.704884
0.1915 0.777718 0.289901 0.703461
0.192 0.776594 0.291526 0.70204
0.1925 0.775472 0.29315 0.700622
0.193 0.774351 0.294775 0.699205
0.1935 0.773232 0.296401 0.697791
0.194 0.772113 0.298027 0.696379
0.1945 0.770995 0.299652 0.69497
0.195 0.769878 0.301279 0.693562
0.1955 0.768763 0.302905 0.692157
0.196 0.767649 0.304532 0.690754
0.1965 0.766535 0.306159 0.689353
0.197 0.765423 0.307786 0.687954
0.1975 0.764312 0.309414 0.686558
0.198 0.763202 0.311041 0.685164
0.1985 0.762094 0.312669 0.683772
0.199 0.760986 0.314298 0.682382
0.1995 0.759879 0.315926 0.680994
0.2 0.758774 0.317555 0.679609
0.2005 0.75767 0.319184 0.678226
0.201 0.756567 0.320813 0.676845
0.2015 0.755465 0.322442 0.675467
0.202 0.754364 0.324072 0.67409
0.2025 0.753264 0.325702 0.672716
0.203 0.752166 0.327332 0.671344
0.2035 0.751068 0.328962 0.669974
0.204 0.749972 0.330592 0.668607
0.2045 0.748877 0.332223 0.667241
0.205 0.747783 0.333854 0.665878
0.2055 0.74669 0.335485 0.664518
0.206 0.745598 0.337116 0.663159
0.2065 0.744508 0.338747 0.661803
0.207 0.743418 0.340379 0.660448
0.2075 0.74233 0.342011 0.659097
0.208 0.741243 0.343642 0.657747
0.2085 0.740157 0.345275 0.656399
0.209 0.739072 0.346907 0.655054
0.2095 0.737989 0.348539 0.653711
0.21 0.736906 0.350172 0.65237
0.2105 0.735825 0.351805 0.651032
0.211 0.734745 0.353438 0.649695
0.2115 0.733666 0.355071 0.648361
0.212 0.732588 0.356704 0.647029
0.2125 0.731511 0.358337 0.6457
0.213 0.730436 0.359971 0.644372
0.2135 0.729362 0.361605 0.643047
0.214 0.728288 0.363239 0.641724
0.2145 0.727216 0.364873 0.640403
0.215 0.726146 0.366507 0.639084
0.2155 0.725076 0.368141 0.637768
0.216 0.724007 0.369775 0.636454
0.2165 0.72294 0.37141 0.635142
0.217 0.721874 0.373045 0.633832
0.2175 0.720809 0.374679 0.632525
0.218 0.719745 0.376314 0.631219
0.2185 0.718683 0.377949 0.629916
0.219 0.717621 0.379585 0.628615
0.2195 0.716561 0.38122 0.627317
0.22 0.715502 0.382855 0.62602
0.2205 0.714444 0.384491 0.624726
0.221 0.713387 0.386127 0.623434
0.2215 0.712332 0.387762 0.622144
0.222 0.711277 0.389398 0.620856
0.2225 0.710224 0.391034 0.619571
0.223 0.709172 0.39267 0.618288
0.2235 0.708121 0.394307 0.617007
0.224 0.707071 0.395943 0.615728
0.2245 0.706023 0.397579 0.614451
0.225 0.704976 0.399216 0.613177
0.2255 0.703929 0.400852 0.611904
0.226 0.702884 0.402489 0.610634
0.2265 0.701841 0.404126 0.609366
0.227 0.700798 0.405763 0.608101
0.2275 0.699757 0.4074 0.606837
0.228 0.698716 0.409037 0.605576
0.2285 0.697677 0.410674 0.604317
0.229 0.696639 0.412311 0.60306
0.2295 0.695603 0.413948 0.601805
0.23 0.694567 0.415586 0.600552
0.2305 0.693533 0.417223 0.599302
0.231 0.6925 0.418861 0.598053
0.2315 0.691468 0.420498 0.596807
0.232 0.690437 0.422136 0.595563
0.2325 0.689408 0.423774 0.594322
0.233 0.688379 0.425412 0.593082
0.2335 0.687352 0.42705 0.591845
0.234 0.686326 0.428688 0.590609
0.2345 0.685301 0.430326 0.589376
0.235 0.684277 0.431964 0.588145
0.2355 0.683255 0.433602 0.586917
0.236 0.682234 0.43524 0.58569
0.2365 0.681213 0.436878 0.584466
0.237 0.680195 0.438516 0.583243
0.2375 0.679177 0.440155 0.582023
0.238 0.67816 0.441793 0.580805
0.2385 0.677145 0.443432 0.579589
0.239 0.676131 0.44507 0.578376
0.2395 0.675118 0.446709 0.577164
0.24 0.674106 0.448347 0.575955
0.2405 0.673095 0.449986 0.574747
0.241 0.672086 0.451625 0.573542
0.2415 0.671077 0.453263 0.572339
0.242 0.67007 0.454902 0.571138
0.2425 0.669064 0.456541 0.56994
0.243 0.66806 0.45818 0.568743
0.2435 0.667056 0.459819 0.567549
0.244 0.666054 0.461458 0.566356
0.2445 0.665053 0.463097 0.565166
0.245 0.664053 0.464736 0.563978
0.2455 0.663054 0.466374 0.562792
0.246 0.662056 0.468014 0.561608
0.2465 0.66106 0.469653 0.560426
0.247 0.660065 0.471292 0.559247
0.2475 0.659071 0.472931 0.558069
0.248 0.658078 0.47457 0.556894
0.2485 0.657086 0.476209 0.555721
0.249 0.656096 0.477848 0.55455
0.2495 0.655106 0.479487 0.553381
0.25 0.654118 0.481126 0.552214
0.2505 0.653131 0.482765 0.551049
0.251 0.652146 0.484405 0.549886
0.2515 0.651161 0.486044 0.548725
0.252 0.650178 0.487683 0.547567
0.2525 0.649196 0.489322 0.54641
0.253 0.648215 0.490961 0.545256
0.2535 0.647235 0.492601 0.544104
0.254 0.646256 0.49424 0.542954
0.2545 0.645279 0.495879 0.541806
0.255 0.644302 0.497518 0.54066
0.2555 0.643327 0.499157 0.539516
0.256 0.642353 0.500796 0.538374
0.2565 0.641381 0.502436 0.537234
0.257 0.640409 0.504075 0.536096
0.2575 0.639439 0.505714 0.534961
0.258 0.63847 0.507353 0.533827
0.2585 0.637502 0.508992 0.532696
0.259 0.636535 0.510631 0.531567
0.2595 0.635569 0.51227 0.530439
0.26 0.634605 0.513909 0.529314
0.2605 0.633642 0.515548 0.528191
0.261 0.632679 0.517187 0.52707
0.2615 0.631719 0.518826 0.525951
0.262 0.630759 0.520465 0.524834
0.2625 0.6298 0.522104 0.523719
0.263 0.628843 0.523743 0.522606
0.2635 0.627887 0.525382 0.521495
0.264 0.626932 0.52702 0.520386
0.2645 0.625978 0.528659 0.519279
0.265 0.625026 0.530298 0.518175
0.2655 0.624074 0.531937 0.517072
0.266 0.623124 0.533575 0.515972
0.2665 0.622175 0.535214 0.514873
0.267 0.621227 0.536852 0.513776
0.2675 0.62028 0.538491 0.512682
0.268 0.619335 0.540129 0.511589
0.2685 0.618391 0.541767 0.510499
0.269 0.617447 0.543406 0.509411
0.2695 0.616506 0.545044 0.508324
0.27 0.615565 0.546682 0.50724
0.2705 0.614625 0.54832 0.506158
0.271 0.613687 0.549958 0.505077
0.2715 0.61275 0.551596 0.503999
0.272 0.611814 0.553234 0.502923
0.2725 0.610879 0.554872 0.501849
0.273 0.609945 0.55651 0.500777
0.2735 0.609013 0.558147 0.499706
0.274 0.608081 0.559785 0.498638
0.2745 0.607151 0.561423 0.497572
0.275 0.606222 0.56306 0.496508
0.2755 0.605295 0.564697 0.495446
0.276 0.604368 0.566335 0.494386
0.2765 0.603443 0.567972 0.493328
0.277 0.602519 0.569609 0.492271
0.2775 0.601596 0.571246 0.491217
0.278 0.600674 0.572883 0.490165
0.2785 0.599753 0.574519 0.489115
0.279 0.598834 0.576156 0.488067
0.2795 0.597916 0.577793 0.487021
0.28 0.596999 0.579429 0.485977
0.2805 0.596083 0.581065 0.484935
0.281 0.595168 0.582701 0.483895
0.2815 0.594255 0.584338 0.482856
0.282 0.593342 0.585974 0.48182
0.2825 0.592431 0.587609 0.480786
0.283 0.591521 0.589245 0.479754
0.2835 0.590613 0.590881 0.478724
0.284 0.589705 0.592516 0.477695
0.2845 0.588799 0.594151 0.476669
0.285 0.587894 0.595787 0.475645
0.2855 0.58699 0.597422 0.474623
0.286 0.586087 0.599056 0.473602
0.2865 0.585185 0.600691 0.472584
0.287 0.584285 0.602326 0.471568
0.2875 0.583386 0.60396 0.470553
0.288 0.582488 0.605594 0.469541
0.2885 0.581591 0.607228 0.46853
0.289 0.580695 0.608862 0.467522
0.2895 0.579801 0.610496 0.466515
0.29 0.578908 0.61213 0.465511
0.2905 0.578016 0.613763 0.464508
0.291 0.577125 0.615396 0.463508
0.2915 0.576235 0.617029 0.462509
0.292 0.575347 0.618662 0.461512
0.2925 0.57446 0.620295 0.460518
0.293 0.573574 0.621927 0.459525
0.2935 0.572689 0.623559 0.458534
0.294 0.571805 0.625191 0.457545
0.2945 0.570923 0.626823 0.456558
0.295 0.570042 0.628454 0.455574
0.2955 0.569162 0.630086 0.454591
0.296 0.568283 0.631717 0.45361
0.2965 0.567405 0.633348 0.452631
0.297 0.566529 0.634978 0.451653
0.2975 0.565654 0.636609 0.450678
0.298 0.56478 0.638239 0.449705
0.2985 0.563907 0.639869 0.448734
0.299 0.563036 0.641499 0.447765
0.2995 0.562166 0.643128 0.446797
0.3 0.561296 0.644757 0.445832
0.3005 0.560429 0.646386 0.444868
0.301 0.559562 0.648014 0.443907
0.3015 0.558697 0.649643 0.442947
0.302 0.557832 0.651271 0.44199
0.3025 0.556969 0.652898 0.441034
0.303 0.556108 0.654526 0.440081
0.3035 0.555247 0.656153 0.439129
0.304 0.554388 0.65778 0.438179
0.3045 0.55353 0.659406 0.437231
0.305 0.552673 0.661032 0.436285
0.3055 0.551818 0.662658 0.435341
0.306 0.550963 0.664283 0.434399
0.3065 0.55011 0.665908 0.433459
0.307 0.549258 0.667533 0.432521
0.3075 0.548408 0.669157 0.431585
0.308 0.547558 0.670781 0.430651
0.3085 0.54671 0.672405 0.429719
0.309 0.545863 0.674028 0.428789
0.3095 0.545018 0.675651 0.42786
0.31 0.544174 0.677274 0.426934
0.3105 0.54333 0.678896 0.42601
0.311 0.542489 0.680517 0.425087
0.3115 0.541648 0.682138 0.424167
0.312 0.540809 0.683759 0.423248
0.3125 0.539971 0.685379 0.422331
0.313 0.539134 0.686999 0.421417
0.3135 0.538299 0.688618 0.420504
0.314 0.537464 0.690237 0.419594
0.3145 0.536631 0.691856 0.418685
0.315 0.5358 0.693474 0.417778
0.3155 0.53497 0.695091 0.416873
0.316 0.53414 0.696708 0.41597
0.3165 0.533313 0.698324 0.41507
0.317 0.532486 0.69994 0.414171
0.3175 0.531661 0.701555 0.413274
0.318 0.530837 0.70317 0.412379
0.3185 0.530015 0.704784 0.411486
0.319 0.529194 0.706398 0.410595
0.3195 0.528374 0.708011 0.409706
0.32 0.527555 0.709623 0.408819
0.3205 0.526738 0.711235 0.407934
0.321 0.525922 0.712846 0.407051
0.3215 0.525108 0.714456 0.40617
0.322 0.524294 0.716066 0.405291
0.3225 0.523483 0.717675 0.404414
0.323 0.522672 0.719283 0.403539
0.3235 0.521863 0.720891 0.402666
0.324 0.521055 0.722498 0.401795
0.3245 0.520249 0.724104 0.400926
0.325 0.519444 0.725709 0.400059
0.3255 0.51864 0.727314 0.399194
0.326 0.517838 0.728918 0.398331
0.3265 0.517037 0.730521 0.39747
0.327 0.516238 0.732123 0.396612
0.3275 0.515439 0.733725 0.395755
0.328 0.514643 0.735325 0.3949
0.3285 0.513848 0.736925 0.394048
0.329 0.513054 0.738523 0.393197
0.3295 0.512262 0.740121 0.392348
0.33 0.511471 0.741718 0.391502
0.3305 0.510681 0.743314 0.390658
0.331 0.509893 0.744909 0.389815
0.3315 0.509107 0.746503 0.388975
0.332 0.508322 0.748095 0.388137
0.3325 0.507538 0.749687 0.387301
0.333 0.506756 0.751278 0.386467
0.3335 0.505976 0.752867 0.385635
0.334 0.505197 0.754456 0.384806
0.3345 0.504419 0.756043 0.383978
0.335 0.503643 0.757629 0.383153
0.3355 0.502869 0.759214 0.38233
0.336 0.502096 0.760798 0.381509
0.3365 0.501325 0.76238 0.38069
0.337 0.500555 0.763961 0.379873
0.3375 0.499787 0.765541 0.379059
0.338 0.499021 0.767119 0.378247
0.3385 0.498256 0.768696 0.377436
0.339 0.497493 0.770271 0.376629
0.3395 0.496731 0.771845 0.375823
0.34 0.495971 0.773418 0.37502
0.3405 0.495213 0.774988 0.374219
0.341 0.494457 0.776558 0.37342
0.3415 0.493702 0.778125 0.372623
0.342 0.492949 0.779691 0.371829
0.3425 0.492198 0.781256 0.371037
0.343 0.491448 0.782818 0.370248
0.3435 0.4907 0.784379 0.369461
0.344 0.489954 0.785938 0.368676
0.3445 0.48921 0.787495 0.367893
0.345 0.488468 0.78905 0.367113
0.3455 0.487727 0.790603 0.366336
0.346 0.486988 0.792154 0.365561
0.3465 0.486252 0.793703 0.364788
0.347 0.485517 0.795249 0.364018
0.3475 0.484784 0.796794 0.36325
0.348 0.484053 0.798336 0.362485
0.3485 0.483324 0.799876 0.361722
0.349 0.482597 0.801414 0.360962
0.3495 0.481872 0.802949 0.360204
0.35 0.481149 0.804482 0.359449
0.3505 0.480428 0.806012 0.358697
0.351 0.479709 0.807539 0.357947
0.3515 0.478993 0.809064 0.3572
0.352 0.478278 0.810586 0.356455
0.3525 0.477566 0.812105 0.355714
0.353 0.476856 0.813621 0.354975
0.3535 0.476148 0.815134 0.354239
0.354 0.475443 0.816644 0.353506
0.3545 0.47474 0.818151 0.352775
0.355 0.474039 0.819654 0.352048
0.3555 0.473341 0.821155 0.351323
0.356 0.472645 0.822651 0.350601
0.3565 0.471951 0.824144 0.349882
0.357 0.47126 0.825634 0.349167
0.3575 0.470572 0.82712 0.348454
0.358 0.469886 0.828602 0.347745
0.3585 0.469203 0.83008 0.347038
0.359 0.468522 0.831554 0.346335
0.3595 0.467844 0.833023 0.345635
0.36 0.467169 0.834489 0.344938
0.3605 0.466497 0.83595 0.344245
0.361 0.465827 0.837406 0.343554
0.3615 0.465161 0.838858 0.342868
0.362 0.464497 0.840305 0.342184
0.3625 0.463837 0.841747 0.341505
0.363 0.463179 0.843184 0.340828
0.3635 0.462525 0.844616 0.340156
0.364 0.461874 0.846042 0.339487
0.3645 0.461226 0.847463 0.338821
0.365 0.460581 0.848878 0.33816
0.3655 0.45994 0.850287 0.337502
0.366 0.459302 0.851691 0.336848
0.3665 0.458668 0.853088 0.336199
0.367 0.458037 0.854479 0.335553
0.3675 0.45741 0.855863 0.334911
0.368 0.456787 0.85724 0.334273
0.3685 0.456167 0.858611 0.33364
0.369 0.455552 0.859975 0.333011
0.3695 0.45494 0.861331 0.332386
0.37 0.454332 0.86268 0.331766
0.3705 0.453729 0.864021 0.33115
0.371 0.453129 0.865354 0.330539
0.3715 0.452534 0.866679 0.329933
0.372 0.451944 0.867996 0.329331
0.3725 0.451357 0.869304 0.328735
0.373 0.450776 0.870603 0.328143
0.3735 0.450199 0.871893 0.327556
0.374 0.449626 0.873174 0.326974
0.3745 0.449059 0.874446 0.326398
0.375 0.448496 0.875707 0.325827
0.3755 0.447939 0.876958 0.325261
0.376 0.447386 0.8782 0.324701
0.3765 0.446839 0.87943 0.324146
0.377 0.446298 0.88065 0.323597
0.3775 0.445761 0.881858 0.323054
0.378 0.445231 0.883055 0.322517
0.3785 0.444706 0.88424 0.321986
0.379 0.444187 0.885413 0.321461
0.3795 0.443674 0.886574 0.320942
0.38 0.443166 0.887722 0.32043
0.3805 0.442665 0.888858 0.319924
0.381 0.442171 0.88998 0.319424
0.3815 0.441682 0.891089 0.318932
0.382 0.4412 0.892183 0.318446
0.3825 0.440725 0.893264 0.317967
0.383 0.440257 0.89433 0.317495
0.3835 0.439795 0.895382 0.31703
0.384 0.43934 0.896418 0.316572
0.3845 0.438893 0.897439 0.316122
0.385 0.438453 0.898445 0.315679
0.3855 0.438019 0.899434 0.315243
0.386 0.437594 0.900407 0.314816
0.3865 0.437176 0.901364 0.314396
0.387 0.436765 0.902304 0.313983
0.3875 0.436363 0.903227 0.313579
0.388 0.435968 0.904133 0.313183
0.3885 0.435581 0.905021 0.312795
0.389 0.435202 0.905891 0.312415
0.3895 0.434831 0.906743 0.312043
0.39 0.434469 0.907577 0.31168
0.3905 0.434114 0.908392 0.311325
0.391 0.433768 0.909189 0.310979
0.3915 0.433431 0.909966 0.310641
0.392 0.433101 0.910725 0.310312
0.3925 0.432781 0.911464 0.309991
0.393 0.432469 0.912185 0.309679
0.3935 0.432165 0.912885 0.309376
0.394 0.43187 0.913567 0.309081
0.3945 0.431584 0.914228 0.308795
0.395 0.431306 0.91487 0.308518
0.3955 0.431037 0.915493 0.308249
0.396 0.430776 0.916096 0.307989
0.3965 0.430524 0.916679 0.307738
0.397 0.430281 0.917242 0.307495
0.3975 0.430046 0.917787 0.307261
0.398 0.429819 0.918311 0.307036
0.3985 0.429601 0.918817 0.306818
0.399 0.429391 0.919303 0.306609
0.3995 0.42919 0.919771 0.306409
0.4 0.428996 0.92022 0.306216
0.4005 0.42881 0.92065 0.306032
0.401 0.428633 0.921062 0.305855
0.4015 0.428463 0.921456 0.305686
0.402 0.428301 0.921833 0.305525
0.4025 0.428146 0.922192 0.305371
0.403 0.427998 0.922535 0.305225
0.4035 0.427858 0.92286 0.305085
0.404 0.427724 0.92317 0.304953
0.4045 0.427598 0.923464 0.304828
0.405 0.427478 0.923742 0.304709
0.4055 0.427364 0.924005 0.304596
0.406 0.427257 0.924254 0.30449
0.4065 0.427155 0.924489 0.30439
0.407 0.42706 0.92471 0.304295
0.4075 0.42697 0.924919 0.304207
0.408 0.426885 0.925114 0.304123
0.4085 0.426806 0.925298 0.304045
0.409 0.426732 0.92547 0.303972
0.4095 0.426662 0.92563 0.303903
0.41 0.426597 0.92578 0.303839
0.4105 0.426536 0.92592 0.30378
0.411 0.42648 0.92605 0.303724
0.4115 0.426427 0.926172 0.303673
0.412 0.426378 0.926284 0.303625
0.4125 0.426333 0.926388 0.303581
0.413 0.426291 0.926484 0.30354
0.4135 0.426252 0.926573 0.303502
0.414 0.426216 0.926655 0.303467
0.4145 0.426183 0.92673 0.303435
0.415 0.426152 0.9268 0.303405
0.4155 0.426124 0.926863 0.303378
0.416 0.426098 0.926921 0.303353
0.4165 0.426075 0.926975 0.303331
0.417 0.426053 0.927023 0.30331
0.4175 0.426033 0.927068 0.303291
0.418 0.426015 0.927108 0.303274
0.4185 0.425998 0.927145 0.303259
0.419 0.425983 0.927178 0.303245
0.4195 0.425969 0.927208 0.303232
0.42 0.425957 0.927235 0.30322
0.4205 0.425945 0.927259 0.30321
0.421 0.425935 0.927281 0.3032
0.4215 0.425925 0.927301 0.303192
0.422 0.425917 0.927319 0.303184
0.4225 0.425909 0.927335 0.303178
0.423 0.425902 0.927349 0.303172
0.4235 0.425895 0.927362 0.303166
0.424 0.425889 0.927373 0.303161
0.4245 0.425884 0.927383 0.303157
0.425 0.425879 0.927392 0.303153
0.4255 0.425875 0.9274 0.30315
0.426 0.425871 0.927407 0.303147
0.4265 0.425867 0.927413 0.303144
0.427 0.425864 0.927418 0.303142
0.4275 0.425861 0.927423 0.30314
0.428 0.425858 0.927427 0.303138
0.4285 0.425855 0.927431 0.303137
0.429 0.425853 0.927434 0.303135
0.4295 0.42585 0.927437 0.303134
0.43 0.425848 0.927439 0.303133
0.4305 0.425846 0.927441 0.303132
0.431 0.425844 0.927443 0.303132
0.4315 0.425843 0.927445 0.303131
0.432 0.425841 0.927446 0.30313
0.4325 0.425839 0.927447 0.30313
0.433 0.425838 0.927448 0.303129
0.4335 0.425836 0.927449 0.303129
0.434 0.425835 0.92745 0.303129
0.4345 0.425834 0.92745 0.303129
0.435 0.425832 0.927451 0.303128
0.4355 0.425831 0.927451 0.303128
0.436 0.42583 0.927451 0.303128
0.4365 0.425828 0.927452 0.303128
0.437 0.425827 0.927452 0.303128
0.4375 0.425826 0.927452 0.303128
0.438 0.425825 0.927452 0.303128
0.4385 0.425823 0.927452 0.303128
0.439 0.425822 0.927452 0.303128
0.4395 0.425821 0.927452 0.303128
0.44 0.42582 0.927452 0.303128
0.4405 0.425818 0.927452 0.303128
0.441 0.425817 0.927452 0.303128
0.4415 0.425816 0.927452 0.303128
0.442 0.425815 0.927452 0.303128
0.4425 0.425814 0.927452 0.303128
0.443 0.425812 0.927452 0.303128
0.4435 0.425811 0.927452 0.303128
0.444 0.42581 0.927452 0.303128
0.4445 0.425809 0.927452 0.303128
0.445 0.425807 0.927452 0.303128
0.4455 0.425806 0.927452 0.303128
0.446 0.425805 0.927452 0.303128
0.4465 0.425804 0.927452 0.303128
0.447 0.425802 0.927451 0.303128
0.4475 0.425801 0.927451 0.303128
0.448 0.4258 0.927451 0.303128
0.4485 0.425799 0.927451 0.303128
0.449 0.425797 0.927451 0.303128
0.4495 0.425796 0.927451 0.303128
0.45 0.425795 0.927451 0.303128
0.4505 0.425793 0.927451 0.303128
0.451 0.425792 0.927451 0.303128
0.4515 0.425791 0.927451 0.303128
0.452 0.425789 0.927451 0.303128
0.4525 0.425788 0.927451 0.303128
0.453 0.425787 0.927451 0.303128
0.4535 0.425785 0.927451 0.303128
0.454 0.425784 0.927451 0.303128
0.4545 0.425782 0.927451 0.303128
0.455 0.425781 0.92745 0.303128
0.4555 0.42578 0.92745 0.303128
0.456 0.425778 0.92745 0.303128
0.4565 0.425777 0.92745 0.303128
0.457 0.425775 0.92745 0.303128
0.4575 0.425774 0.92745 0.303128
0.458 0.425773 0.92745 0.303128
0.4585 0.425771 0.92745 0.303128
0.459 0.42577 0.92745 0.303128
0.4595 0.425768 0.92745 0.303128
0.46 0.425767 0.92745 0.303128
0.4605 0.425765 0.92745 0.303129
0.461 0.425764 0.92745 0.303129
0.4615 0.425762 0.92745 0.303129
0.462 0.425761 0.92745 0.303129
0.4625 0.425759 0.92745 0.303129
0.463 0.425758 0.92745 0.303129
0.4635 0.425756 0.92745 0.303129
0.464 0.425755 0.92745 0.303129
0.4645 0.425753 0.92745 0.303129
0.465 0.425751 0.92745 0.303129
0.4655 0.42575 0.927449 0.303129
0.466 0.425748 0.927449 0.303129
0.4665 0.425747 0.927449 0.303129
0.467 0.425745 0.927449 0.303129
0.4675 0.425743 0.927449 0.303129
0.468 0.425742 0.927449 0.303129
0.4685 0.42574 0.927449 0.303129
0.469 0.425739 0.927449 0.303129
0.4695 0.425737 0.927449 0.303129
0.47 0.425735 0.927449 0.303129
0.4705 0.425734 0.927449 0.303129
0.471 0.425732 0.927449 0.303129
0.4715 0.42573 0.927449 0.303129
0.472 0.425729 0.927449 0.303129
0.4725 0.425727 0.927449 0.303129
0.473 0.425725 0.927449 0.303129
0.4735 0.425723 0.927449 0.303129
0.474 0.425722 0.927449 0.303129
0.4745 0.42572 0.927449 0.303129
0.475 0.425718 0.927449 0.303129
0.4755 0.425716 0.927449 0.303129
0.476 0.425715 0.927449 0.303129
0.4765 0.425713 0.927449 0.303129
0.477 0.425711 0.927449 0.303129
0.4775 0.425709 0.927449 0.303129
0.478 0.425707 0.927449 0.303129
0.4785 0.425705 0.927449 0.303129
0.479 0.425704 0.927449 0.303129
0.4795 0.425702 0.927449 0.303129
0.48 0.4257 0.927449 0.303129
0.4805 0.425698 0.927449 0.303129
0.481 0.425696 0.927449 0.303129
0.4815 0.425694 0.927449 0.303129
0.482 0.425692 0.927449 0.303129
0.4825 0.42569 0.927449 0.303129
0.483 0.425688 0.927449 0.303129
0.4835 0.425686 0.927449 0.303129
0.484 0.425684 0.927448 0.303129
0.4845 0.425682 0.927448 0.303129
0.485 0.42568 0.927448 0.303129
0.4855 0.425678 0.927448 0.303129
0.486 0.425676 0.927448 0.303129
0.4865 0.425674 0.927448 0.303129
0.487 0.425672 0.927448 0.303129
0.4875 0.42567 0.927448 0.303129
0.488 0.425668 0.927448 0.303129
0.4885 0.425666 0.927448 0.303129
0.489 0.425664 0.927448 0.303129
0.4895 0.425662 0.927448 0.303129
0.49 0.425659 0.927448 0.303129
0.4905 0.425657 0.927448 0.303129
0.491 0.425655 0.927448 0.303129
0.4915 0.425653 0.927448 0.303129
0.492 0.425651 0.927448 0.303129
0.4925 0.425648 0.927448 0.303129
0.493 0.425646 0.927448 0.303129
0.4935 0.425644 0.927448 0.303129
0.494 0.425642 0.927448 0.303129
0.4945 0.425639 0.927448 0.303129
0.495 0.425637 0.927448 0.303129
0.4955 0.425635 0.927448 0.303129
0.496 0.425632 0.927448 0.303129
0.4965 0.42563 0.927448 0.303129
0.497 0.425628 0.927448 0.303129
0.4975 0.425625 0.927448 0.303129
0.498 0.425623 0.927448 0.303129
0.4985 0.42562 0.927448 0.303129
0.499 0.425618 0.927448 0.303129
0.4995 0.425616 0.927448 0.303129
0.5 0.425613 0.927448 0.303129
0.5005 0.425611 0.927448 0.303129
0.501 0.425608 0.927448 0.303129
0.5015 0.425606 0.927448 0.303129
0.502 0.425603 0.927448 0.303129
0.5025 0.4256 0.927448 0.303129
0.503 0.425598 0.927448 0.303129
0.5035 0.425595 0.927448 0.303129
0.504 0.425593 0.927448 0.303129
0.5045 0.42559 0.927448 0.303129
0.505 0.425587 0.927448 0.303129
0.5055 0.425585 0.927448 0.303129
0.506 0.425582 0.927448 0.303129
0.5065 0.425579 0.927448 0.303129
0.507 0.425576 0.927448 0.303129
0.5075 0.425574 0.927448 0.303129
0.508 0.425571 0.927448 0.303129
0.5085 0.425568 0.927448 0.303129
0.509 0.425565 0.927448 0.303129
0.5095 0.425562 0.927448 0.303129
0.51 0.425559 0.927448 0.303129
0.5105 0.425557 0.927448 0.303129
0.511 0.425554 0.927448 0.303129
0.5115 0.425551 0.927448 0.303129
0.512 0.425548 0.927448 0.303129
0.5125 0.425545 0.927448 0.303129
0.513 0.425542 0.927448 0.303129
0.5135 0.425539 0.927448 0.303129
0.514 0.425536 0.927448 0.303129
0.5145 0.425532 0.927448 0.303129
0.515 0.425529 0.927448 0.303129
0.5155 0.425526 0.927448 0.303129
0.516 0.425523 0.927448 0.303129
0.5165 0.42552 0.927448 0.303129
0.517 0.425517 0.927448 0.303129
0.5175 0.425513 0.927448 0.303129
0.518 0.42551 0.927448 0.303129
0.5185 0.425507 0.927448 0.303129
0.519 0.425503 0.927448 0.303129
0.5195 0.4255 0.927448 0.303129
0.52 0.425497 0.927448 0.303129
0.5205 0.425493 0.927448 0.303129
0.521 0.42549 0.927448 0.303129
0.5215 0.425486 0.927448 0.303129
0.522 0.425483 0.927448 0.303129
0.5225 0.425479 0.927448 0.303129
0.523 0.425476 0.927448 0.303129
0.5235 0.425472 0.927448 0.303129
0.524 0.425468 0.927448 0.303129
0.5245 0.425465 0.927448 0.303129
0.525 0.425461 0.927448 0.303129
0.5255 0.425457 0.927448 0.303129
0.526 0.425453 0.927448 0.303129
0.5265 0.42545 0.927448 0.303129
0.527 0.425446 0.927448 0.303129
0.5275 0.425442 0.927448 0.303129
0.528 0.425438 0.927448 0.303129
0.5285 0.425434 0.927448 0.303129
0.529 0.42543 0.927448 0.303129
0.5295 0.425426 0.927448 0.303129
0.53 0.425422 0.927448 0.303129
0.5305 0.425418 0.927448 0.303129
0.531 0.425414 0.927448 0.303129
0.5315 0.425409 0.927448 0.303129
0.532 0.425405 0.927448 0.303129
0.5325 0.425401 0.927448 0.303129
0.533 0.425397 0.927448 0.303129
0.5335 0.425392 0.927448 0.303129
0.534 0.425388 0.927447 0.303129
0.5345 0.425383 0.927447 0.303129
0.535 0.425379 0.927447 0.303129
0.5355 0.425374 0.927447 0.303129
0.536 0.42537 0.927447 0.303129
0.5365 0.425365 0.927447 0.303129
0.537 0.42536 0.927447 0.303129
0.5375 0.425356 0.927447 0.303129
0.538 0.425351 0.927447 0.303129
0.5385 0.425346 0.927447 0.303129
0.539 0.425341 0.927447 0.303129
0.5395 0.425336 0.927447 0.303129
0.54 0.425331 0.927447 0.303129
0.5405 0.425326 0.927447 0.303129
0.541 0.425321 0.927447 0.303129
0.5415 0.425316 0.927447 0.303129
0.542 0.425311 0.927447 0.303129
0.5425 0.425306 0.927447 0.303129
0.543 0.4253 0.927447 0.303129
0.5435 0.425295 0.927447 0.303129
0.544 0.425289 0.927447 0.303129
0.5445 0.425284 0.927447 0.303129
0.545 0.425278 0.927447 0.303129
0.5455 0.425273 0.927447 0.303129
0.546 0.425267 0.927447 0.303129
0.5465 0.425261 0.927447 0.303129
0.547 0.425255 0.927447 0.303129
0.5475 0.42525 0.927447 0.303129
0.548 0.425244 0.927447 0.303129
0.5485 0.425238 0.927447 0.303129
0.549 0.425231 0.927447 0.303129
0.5495 0.425225 0.927447 0.303129
0.55 0.425219 0.927447 0.303129
0.5505 0.425213 0.927447 0.303129
0.551 0.425206 0.927447 0.303129
0.5515 0.4252 0.927447 0.303129
0.552 0.425193 0.927447 0.303129
0.5525 0.425187 0.927447 0.303129
0.553 0.42518 0.927447 0.303129
0.5535 0.425173 0.927447 0.303129
0.554 0.425166 0.927447 0.303129
0.5545 0.425159 0.927447 0.303129
0.555 0.425152 0.927447 0.303129
0.5555 0.425145 0.927447 0.303129
0.556 0.425138 0.927447 0.303129
0.5565 0.42513 0.927447 0.303129
0.557 0.425123 0.927447 0.303129
0.5575 0.425115 0.927447 0.303129
0.558 0.425108 0.927447 0.303129
0.5585 0.4251 0.927447 0.303129
0.559 0.425092 0.927447 0.303129
0.5595 0.425084 0.927447 0.303129
0.56 0.425076 0.927447 0.303129
0.5605 0.425067 0.927447 0.303129
0.561 0.425059 0.927447 0.303129
0.5615 0.425051 0.927447 0.303129
0.562 0.425042 0.927447 0.303129
0.5625 0.425033 0.927447 0.303129
0.563 0.425025 0.927447 0.303129
0.5635 0.425016 0.927447 0.303129
0.564 0.425006 0.927447 0.303129
0.5645 0.424997 0.927447 0.303129
0.565 0.424988 0.927447 0.303129
0.5655 0.424978 0.927447 0.303129
0.566 0.424968 0.927447 0.303129
0.5665 0.424959 0.927447 0.303129
0.567 0.424949 0.927447 0.303129
0.5675 0.424938 0.927447 0.303129
0.568 0.424928 0.927447 0.303129
0.5685 0.424918 0.927447 0.303129
0.569 0.424907 0.927447 0.303129
0.5695 0.424896 0.927447 0.303129
0.57 0.424885 0.927447 0.303129
0.5705 0.424874 0.927447 0.303129
0.571 0.424862 0.927447 0.303129
0.5715 0.42485 0.927447 0.303129
0.572 0.424839 0.927447 0.303129
0.5725 0.424826 0.927447 0.303129
0.573 0.424814 0.927447 0.303129
0.5735 0.424802 0.927447 0.303129
0.574 0.424789 0.927447 0.303129
0.5745 0.424776 0.927447 0.303129
0.575 0.424762 0.927447 0.303129
0.5755 0.424749 0.927447 0.303129
0.576 0.424735 0.927447 0.303129
0.5765 0.424721 0.927447 0.303129
0.577 0.424706 0.927447 0.303129
0.5775 0.424691 0.927447 0.303129
0.578 0.424676 0.927447 0.303129
0.5785 0.42466 0.927447 0.303129
0.579 0.424644 0.927447 0.303129
0.5795 0.424628 0.927447 0.303129
0.58 0.424611 0.927447 0.303129
0.5805 0.424594 0.927447 0.303129
0.581 0.424576 0.927447 0.303129
0.5815 0.424558 0.927447 0.303129
0.582 0.424539 0.927447 0.303129
0.5825 0.42452 0.927447 0.303129
0.583 0.4245 0.927447 0.303129
0.5835 0.42448 0.927447 0.303129
0.584 0.424458 0.927447 0.303129
0.5845 0.424436 0.927447 0.303129
0.585 0.424413 0.927447 0.303129
0.5855 0.424389 0.927447 0.303129
0.586 0.424365 0.927447 0.303129
0.5865 0.424339 0.927447 0.303129
0.587 0.424312 0.927447 0.303129
0.5875 0.424284 0.927447 0.303129
0.588 0.424254 0.927447 0.303129
0.5885 0.424223 0.927447 0.303129
0.589 0.42419 0.927447 0.303129
0.5895 0.424156 0.927447 0.303129
0.59 0.42412 0.927447 0.303129
0.5905 0.424081 0.927447 0.303129
0.591 0.42404 0.927447 0.303129
0.5915 0.423997 0.927447 0.303129
0.592 0.423951 0.927447 0.303129
0.5925 0.423902 0.927447 0.303129
0.593 0.42385 0.927447 0.303129
0.5935 0.423794 0.927447 0.303129
0.594 0.423734 0.927447 0.303129
0.5945 0.42367 0.927447 0.303129
0.595 0.423602 0.927447 0.303129
0.5955 0.423528 0.927447 0.303129
0.596 0.423448 0.927447 0.303129
0.5965 0.423363 0.927447 0.303129
0.597 0.42327 0.927447 0.303129
0.5975 0.423171 0.927447 0.303129
0.598 0.423064 0.927447 0.303129
0.5985 0.422948 0.927447 0.303129
0.599 0.422823 0.927447 0.303129
0.5995 0.422688 0.927447 0.303129
0.6 0.422542 0.927447 0.303129
0.6005 0.422384 0.927447 0.303129
0.601 0.422214 0.927447 0.303129
0.6015 0.42203 0.927447 0.303129
0.602 0.421831 0.927447 0.303129
0.6025 0.421617 0.927447 0.303129
0.603 0.421385 0.927447 0.303129
0.6035 0.421136 0.927447 0.303129
0.604 0.420867 0.927447 0.303129
0.6045 0.420577 0.927447 0.303129
0.605 0.420265 0.927447 0.303129
0.6055 0.41993 0.927447 0.303129
0.606 0.419569 0.927447 0.303128
0.6065 0.419182 0.927447 0.303128
0.607 0.418767 0.927447 0.303128
0.6075 0.418322 0.927447 0.303128
0.608 0.417846 0.927447 0.303128
0.6085 0.417336 0.927447 0.303128
0.609 0.416792 0.927447 0.303128
0.6095 0.416211 0.927447 0.303128
0.61 0.415592 0.927447 0.303128
0.6105 0.414934 0.927447 0.303128
0.611 0.414233 0.927447 0.303128
0.6115 0.413489 0.927447 0.303128
0.612 0.412701 0.927447 0.303128
0.6125 0.411865 0.927447 0.303128
0.613 0.410981 0.927447 0.303128
0.6135 0.410047 0.927447 0.303128
0.614 0.409062 0.927447 0.303128
0.6145 0.408025 0.927447 0.303128
0.615 0.406933 0.927447 0.303128
0.6155 0.405786 0.927446 0.303128
0.616 0.404583 0.927446 0.303128
0.6165 0.403322 0.927446 0.303128
0.617 0.402004 0.927446 0.303128
0.6175 0.400626 0.927446 0.303128
0.618 0.39919 0.927446 0.303128
0.6185 0.397693 0.927446 0.303128
0.619 0.396137 0.927446 0.303128
0.6195 0.394521 0.927446 0.303128
0.62 0.392845 0.927446 0.303128
0.6205 0.391111 0.927446 0.303128
0.621 0.389317 0.927446 0.303128
0.6215 0.387466 0.927446 0.303128
0.622 0.385558 0.927446 0.303128
0.6225 0.383595 0.927446 0.303128
0.623 0.381578 0.927446 0.303128
0.6235 0.379509 0.927446 0.303128
0.624 0.377389 0.927446 0.303128
0.6245 0.375221 0.927446 0.303128
0.625 0.373008 0.927446 0.303128
0.6255 0.370751 0.927446 0.303128
0.626 0.368454 0.927446 0.303128
0.6265 0.36612 0.927446 0.303128
0.627 0.363751 0.927446 0.303128
0.6275 0.361351 0.927446 0.303128
0.628 0.358923 0.927446 0.303128
0.6285 0.356471 0.927446 0.303128
0.629 0.353999 0.927446 0.303128
0.6295 0.35151 0.927446 0.303128
0.63 0.349009 0.927446 0.303128
0.6305 0.346499 0.927446 0.303128
0.631 0.343984 0.927446 0.303128
0.6315 0.341468 0.927446 0.303128
0.632 0.338956 0.927446 0.303128
0.6325 0.336451 0.927446 0.303128
0.633 0.333958 0.927446 0.303128
0.6335 0.331479 0.927446 0.303128
0.634 0.32902 0.927446 0.303128
0.6345 0.326584 0.927446 0.303128
0.635 0.324175 0.927446 0.303128
0.6355 0.321796 0.927446 0.303128
0.636 0.319451 0.927446 0.303128
0.6365 0.317143 0.927446 0.303128
0.637 0.314874 0.927446 0.303128
0.6375 0.312649 0.927446 0.303128
0.638 0.31047 0.927446 0.303128
0.6385 0.308339 0.927446 0.303128
0.639 0.306259 0.927446 0.303128
0.6395 0.304232 0.927446 0.303128
0.64 0.302259 0.927446 0.303128
0.6405 0.300343 0.927446 0.303128
0.641 0.298484 0.927446 0.303128
0.6415 0.296685 0.927446 0.303128
0.642 0.294946 0.927446 0.303128
0.6425 0.293267 0.927446 0.303128
0.643 0.29165 0.927446 0.303128
0.6435 0.290095 0.927446 0.303128
0.644 0.288602 0.927446 0.303128
0.6445 0.28717 0.927446 0.303128
0.645 0.2858 0.927446 0.303128
0.6455 0.284491 0.927446 0.303128
0.646 0.283242 0.927446 0.303128
0.6465 0.282053 0.927446 0.303128
0.647 0.280922 0.927446 0.303128
0.6475 0.279849 0.927446 0.303128
0.648 0.278832 0.927446 0.303128
0.6485 0.277871 0.927446 0.303128
0.649 0.276963 0.927446 0.303128
0.6495 0.276106 0.927446 0.303128
0.65 0.2753 0.927446 0.303128
0.6505 0.274543 0.927446 0.303128
0.651 0.273833 0.927446 0.303128
0.6515 0.273168 0.927446 0.303128
0.652 0.272546 0.927446 0.303128
0.6525 0.271965 0.927446 0.303128
0.653 0.271425 0.927446 0.303128
0.6535 0.270922 0.927446 0.303128
0.654 0.270454 0.927446 0.303128
0.6545 0.270021 0.927446 0.303128
0.655 0.269621 0.927446 0.303128
0.6555 0.269251 0.927446 0.303128
0.656 0.268909 0.927446 0.303128
0.6565 0.268595 0.927446 0.303128
0.657 0.268306 0.927446 0.303128
0.6575 0.268041 0.927446 0.303128
0.658 0.267798 0.927446 0.303128
0.6585 0.267575 0.927446 0.303128
0.659 0.267373 0.927446 0.303128
0.6595 0.267188 0.927446 0.303128
0.66 0.26702 0.927446 0.303128
0.6605 0.266867 0.927446 0.303128
0.661 0.266729 0.927446 0.303128
0.6615 0.266603 0.927446 0.303128
0.662 0.26649 0.927446 0.303128
0.6625 0.266388 0.927446 0.303128
0.663 0.266296 0.927446 0.303128
0.6635 0.266213 0.927446 0.303128
0.664 0.266139 0.927446 0.303128
0.6645 0.266073 0.927446 0.303128
0.665 0.266013 0.927446 0.303128
0.6655 0.26596 0.927446 0.303128
0.666 0.265913 0.927446 0.303128
0.6665 0.265871 0.927446 0.303128
0.667 0.265834 0.927446 0.303128
0.6675 0.265801 0.927446 0.303128
0.668 0.265771 0.927446 0.303128
0.6685 0.265746 0.927446 0.303128
0.669 0.265723 0.927446 0.303128
0.6695 0.265703 0.927446 0.303128
0.67 0.265685 0.927446 0.303128
0.6705 0.26567 0.927445 0.303128
0.671 0.265656 0.927445 0.303128
0.6715 0.265644 0.927445 0.303128
0.672 0.265634 0.927445 0.303128
0.6725 0.265625 0.927445 0.303128
0.673 0.265617 0.927445 0.303128
0.6735 0.265611 0.927445 0.303128
0.674 0.265605 0.927445 0.303128
0.6745 0.2656 0.927445 0.303128
0.675 0.265596 0.927445 0.303128
0.6755 0.265592 0.927445 0.303128
0.676 0.265589 0.927445 0.303128
0.6765 0.265586 0.927445 0.303128
0.677 0.265584 0.927445 0.303128
0.6775 0.265582 0.927445 0.303128
0.678 0.26558 0.927445 0.303128
0.6785 0.265578 0.927445 0.303128
0.679 0.265577 0.927445 0.303128
0.6795 0.265576 0.927445 0.303128
0.68 0.265575 0.927445 0.303128
0.6805 0.265575 0.927445 0.303128
0.681 0.265574 0.927445 0.303128
0.6815 0.265574 0.927445 0.303128
0.682 0.265573 0.927445 0.303128
0.6825 0.265573 0.927445 0.303128
0.683 0.265573 0.927445 0.303128
0.6835 0.265572 0.927445 0.303128
0.684 0.265572 0.927445 0.303128
0.6845 0.265572 0.927445 0.303128
0.685 0.265572 0.927445 0.303128
0.6855 0.265572 0.927445 0.303128
0.686 0.265572 0.927445 0.303128
0.6865 0.265572 0.927445 0.303128
0.687 0.265572 0.927445 0.303128
0.6875 0.265572 0.927445 0.303128
0.688 0.265572 0.927445 0.303128
0.6885 0.265572 0.927445 0.303128
0.689 0.265572 0.927445 0.303128
0.6895 0.265572 0.927445 0.303128
0.69 0.265572 0.927445 0.303128
0.6905 0.265572 0.927445 0.303128
0.691 0.265572 0.927445 0.303128
0.6915 0.265572 0.927445 0.303128
0.692 0.265572 0.927445 0.303128
0.6925 0.265572 0.927445 0.303128
0.693 0.265572 0.927445 0.303128
0.6935 0.265572 0.927445 0.303128
0.694 0.265572 0.927445 0.303128
0.6945 0.265572 0.927445 0.303128
0.695 0.265572 0.927445 0.303128
0.6955 0.265572 0.927445 0.303128
0.696 0.265572 0.927445 0.303128
0.6965 0.265572 0.927445 0.303128
0.697 0.265572 0.927445 0.303128
0.6975 0.265572 0.927445 0.303128
0.698 0.265572 0.927445 0.303128
0.6985 0.265572 0.927445 0.303128
0.699 0.265572 0.927445 0.303128
0.6995 0.265572 0.927445 0.303128
0.7 0.265572 0.927445 0.303128
0.7005 0.265572 0.927445 0.303128
0.701 0.265572 0.927445 0.303128
0.7015 0.265572 0.927445 0.303128
0.702 0.265572 0.927445 0.303128
0.7025 0.265572 0.927445 0.303128
0.703 0.265572 0.927445 0.303128
0.7035 0.265572 0.927445 0.303128
0.704 0.265572 0.927445 0.303128
0.7045 0.265572 0.927445 0.303128
0.705 0.265572 0.927445 0.303128
0.7055 0.265572 0.927445 0.303128
0.706 0.265572 0.927445 0.303128
0.7065 0.265572 0.927445 0.303128
0.707 0.265572 0.927445 0.303128
0.7075 0.265572 0.927445 0.303128
0.708 0.265572 0.927445 0.303128
0.7085 0.265572 0.927445 0.303128
0.709 0.265572 0.927445 0.303128
0.7095 0.265572 0.927445 0.303128
0.71 0.265572 0.927445 0.303128
0.7105 0.265572 0.927445 0.303128
0.711 0.265572 0.927445 0.303128
0.7115 0.265572 0.927444 0.303128
0.712 0.265572 0.927444 0.303128
0.7125 0.265572 0.927444 0.303128
0.713 0.265572 0.927444 0.303128
0.7135 0.265572 0.927444 0.303128
0.714 0.265572 0.927444 0.303128
0.7145 0.265572 0.927444 0.303128
0.715 0.265572 0.927444 0.303128
0.7155 0.265572 0.927444 0.303128
0.716 0.265572 0.927444 0.303128
0.7165 0.265572 0.927444 0.303128
0.717 0.265572 0.927444 0.303128
0.7175 0.265572 0.927444 0.303128
0.718 0.265572 0.927444 0.303128
0.7185 0.265572 0.927444 0.303128
0.719 0.265572 0.927444 0.303128
0.7195 0.265572 0.927444 0.303128
0.72 0.265572 0.927444 0.303128
0.7205 0.265572 0.927444 0.303128
0.721 0.265572 0.927444 0.303128
0.7215 0.265572 0.927444 0.303128
0.722 0.265572 0.927444 0.303128
0.7225 0.265572 0.927444 0.303128
0.723 0.265572 0.927444 0.303128
0.7235 0.265572 0.927444 0.303128
0.724 0.265572 0.927444 0.303128
0.7245 0.265572 0.927444 0.303128
0.725 0.265572 0.927444 0.303128
0.7255 0.265572 0.927444 0.303128
0.726 0.265572 0.927444 0.303128
0.7265 0.265572 0.927444 0.303128
0.727 0.265572 0.927444 0.303128
0.7275 0.265572 0.927444 0.303128
0.728 0.265572 0.927444 0.303128
0.7285 0.265572 0.927444 0.303128
0.729 0.265572 0.927444 0.303128
0.7295 0.265572 0.927444 0.303128
0.73 0.265572 0.927444 0.303127
0.7305 0.265572 0.927444 0.303127
0.731 0.265572 0.927444 0.303127
0.7315 0.265572 0.927444 0.303127
0.732 0.265572 0.927444 0.303127
0.7325 0.265572 0.927444 0.303127
0.733 0.265572 0.927444 0.303127
0.7335 0.265572 0.927444 0.303127
0.734 0.265572 0.927444 0.303127
0.7345 0.265572 0.927444 0.303127
0.735 0.265572 0.927444 0.303127
0.7355 0.265572 0.927444 0.303127
0.736 0.265572 0.927444 0.303127
0.7365 0.265572 0.927444 0.303127
0.737 0.265572 0.927444 0.303127
0.7375 0.265572 0.927444 0.303127
0.738 0.265572 0.927444 0.303127
0.7385 0.265572 0.927444 0.303127
0.739 0.265572 0.927444 0.303127
0.7395 0.265572 0.927444 0.303127
0.74 0.265572 0.927444 0.303127
0.7405 0.265572 0.927444 0.303127
0.741 0.265572 0.927444 0.303127
0.7415 0.265572 0.927444 0.303127
0.742 0.265572 0.927444 0.303127
0.7425 0.265572 0.927444 0.303127
0.743 0.265572 0.927444 0.303127
0.7435 0.265572 0.927443 0.303127
0.744 0.265572 0.927443 0.303127
0.7445 0.265572 0.927443 0.303127
0.745 0.265572 0.927443 0.303127
0.7455 0.265572 0.927443 0.303127
0.746 0.265572 0.927443 0.303127
0.7465 0.265572 0.927443 0.303127
0.747 0.265572 0.927443 0.303127
0.7475 0.265572 0.927443 0.303127
0.748 0.265572 0.927443 0.303127
0.7485 0.265572 0.927443 0.303127
0.749 0.265572 0.927443 0.303127
0.7495 0.265572 0.927443 0.303127
0.75 0.265572 0.927443 0.303127
0.7505 0.265572 0.927443 0.303127
0.751 0.265572 0.927443 0.303127
0.7515 0.265572 0.927443 0.303127
0.752 0.265572 0.927443 0.303127
0.7525 0.265572 0.927443 0.303127
0.753 0.265572 0.927443 0.303127
0.7535 0.265572 0.927443 0.303127
0.754 0.265572 0.927443 0.303127
0.7545 0.265572 0.927443 0.303127
0.755 0.265572 0.927443 0.303127
0.7555 0.265572 0.927443 0.303127
0.756 0.265572 0.927443 0.303127
0.7565 0.265572 0.927443 0.303127
0.757 0.265572 0.927443 0.303127
0.7575 0.265572 0.927443 0.303127
0.758 0.265572 0.927443 0.303127
0.7585 0.265572 0.927443 0.303127
0.759 0.265572 0.927443 0.303127
0.7595 0.265572 0.927443 0.303127
0.76 0.265572 0.927443 0.303127
0.7605 0.265572 0.927443 0.303127
0.761 0.265572 0.927443 0.303127
0.7615 0.265572 0.927443 0.303127
0.762 0.265572 0.927443 0.303127
0.7625 0.265572 0.927443 0.303127
0.763 0.265572 0.927443 0.303127
0.7635 0.265572 0.927443 0.303127
0.764 0.265572 0.927443 0.303127
0.7645 0.265572 0.927443 0.303127
0.765 0.265572 0.927443 0.303127
0.7655 0.265572 0.927443 0.303127
0.766 0.265572 0.927443 0.303127
0.7665 0.265572 0.927443 0.303127
0.767 0.265572 0.927443 0.303127
0.7675 0.265572 0.927443 0.303127
0.768 0.265572 0.927443 0.303127
0.7685 0.265572 0.927443 0.303127
0.769 0.265572 0.927443 0.303127
0.7695 0.265572 0.927442 0.303127
0.77 0.265572 0.927442 0.303127
0.7705 0.265572 0.927442 0.303127
0.771 0.265572 0.927442 0.303127
0.7715 0.265572 0.927442 0.303127
0.772 0.265572 0.927442 0.303127
0.7725 0.265572 0.927442 0.303127
0.773 0.265572 0.927442 0.303127
0.7735 0.265572 0.927442 0.303127
0.774 0.265572 0.927442 0.303127
0.7745 0.265572 0.927442 0.303127
0.775 0.265572 0.927442 0.303127
0.7755 0.265572 0.927442 0.303127
0.776 0.265572 0.927442 0.303127
0.7765 0.265572 0.927442 0.303127
0.777 0.265572 0.927442 0.303127
0.7775 0.265572 0.927442 0.303127
0.778 0.265572 0.927442 0.303127
0.7785 0.265572 0.927442 0.303127
0.779 0.265572 0.927442 0.303127
0.7795 0.265572 0.927442 0.303127
0.78 0.265572 0.927442 0.303127
0.7805 0.265572 0.927442 0.303127
0.781 0.265572 0.927442 0.303127
0.7815 0.265572 0.927442 0.303127
0.782 0.265572 0.927442 0.303127
0.7825 0.265572 0.927442 0.303127
0.783 0.265572 0.927442 0.303127
0.7835 0.265572 0.927442 0.303127
0.784 0.265572 0.927442 0.303127
0.7845 0.265572 0.927442 0.303127
0.785 0.265572 0.927442 0.303127
0.7855 0.265572 0.927442 0.303127
0.786 0.265572 0.927442 0.303127
0.7865 0.265572 0.927442 0.303127
0.787 0.265572 0.927442 0.303127
0.7875 0.265572 0.927442 0.303127
0.788 0.265572 0.927442 0.303127
0.7885 0.265572 0.927442 0.303127
0.789 0.265572 0.927442 0.303127
0.7895 0.265572 0.927442 0.303127
0.79 0.265572 0.927442 0.303127
0.7905 0.265572 0.927442 0.303127
0.791 0.265572 0.927441 0.303127
0.7915 0.265572 0.927441 0.303127
0.792 0.265572 0.927441 0.303127
0.7925 0.265572 0.927441 0.303127
0.793 0.265572 0.927441 0.303127
0.7935 0.265572 0.927441 0.303127
0.794 0.265572 0.927441 0.303127
0.7945 0.265572 0.927441 0.303127
0.795 0.265572 0.927441 0.303127
0.7955 0.265572 0.927441 0.303127
0.796 0.265572 0.927441 0.303127
0.7965 0.265572 0.927441 0.303127
0.797 0.265572 0.927441 0.303127
0.7975 0.265572 0.927441 0.303127
0.798 0.265572 0.927441 0.303127
0.7985 0.265572 0.927441 0.303127
0.799 0.265572 0.927441 0.303127
0.7995 0.265572 0.927441 0.303127
0.8 0.265572 0.927441 0.303126
0.8005 0.265572 0.927441 0.303126
0.801 0.265572 0.927441 0.303126
0.8015 0.265572 0.927441 0.303126
0.802 0.265572 0.927441 0.303126
0.8025 0.265572 0.927441 0.303126
0.803 0.265572 0.927441 0.303126
0.8035 0.265572 0.927441 0.303126
0.804 0.265572 0.927441 0.303126
0.8045 0.265572 0.927441 0.303126
0.805 0.265572 0.927441 0.303126
0.8055 0.265572 0.927441 0.303126
0.806 0.265572 0.927441 0.303126
0.8065 0.265572 0.927441 0.303126
0.807 0.265572 0.927441 0.303126
0.8075 0.265572 0.927441 0.303126
0.808 0.265572 0.927441 0.303126
0.8085 0.265572 0.927441 0.303126
0.809 0.265572 0.927441 0.303126
0.8095 0.265572 0.92744 0.303126
0.81 0.265572 0.92744 0.303126
0.8105 0.265572 0.92744 0.303126
0.811 0.265572 0.92744 0.303126
0.8115 0.265572 0.92744 0.303126
0.812 0.265572 0.92744 0.303126
0.8125 0.265572 0.92744 0.303126
0.813 0.265572 0.92744 0.303126
0.8135 0.265572 0.92744 0.303126
0.814 0.265572 0.92744 0.303126
0.8145 0.265572 0.92744 0.303126
0.815 0.265572 0.92744 0.303126
0.8155 0.265572 0.92744 0.303126
0.816 0.265572 0.92744 0.303126
0.8165 0.265572 0.92744 0.303126
0.817 0.265572 0.92744 0.303126
0.8175 0.265572 0.92744 0.303126
0.818 0.265572 0.92744 0.303126
0.8185 0.265572 0.92744 0.303126
0.819 0.265572 0.92744 0.303126
0.8195 0.265572 0.92744 0.303126
0.82 0.265572 0.92744 0.303126
0.8205 0.265572 0.92744 0.303126
0.821 0.265572 0.92744 0.303126
0.8215 0.265572 0.92744 0.303126
0.822 0.265572 0.92744 0.303126
0.8225 0.265572 0.92744 0.303126
0.823 0.265572 0.92744 0.303126
0.8235 0.265572 0.92744 0.303126
0.824 0.265572 0.92744 0.303126
0.8245 0.265572 0.92744 0.303126
0.825 0.265572 0.92744 0.303126
0.8255 0.265571 0.927439 0.303126
0.826 0.265571 0.927439 0.303126
0.8265 0.265571 0.927439 0.303126
0.827 0.265571 0.927439 0.303126
0.8275 0.265571 0.927439 0.303126
0.828 0.265571 0.927439 0.303126
0.8285 0.265571 0.927439 0.303126
0.829 0.265571 0.927439 0.303126
0.8295 0.265571 0.927439 0.303126
0.83 0.265571 0.927439 0.303126
0.8305 0.265571 0.927439 0.303126
0.831 0.265571 0.927439 0.303126
0.8315 0.265571 0.927439 0.303126
0.832 0.265571 0.927439 0.303126
0.8325 0.265571 0.927438 0.303126
0.833 0.265571 0.927437 0.303125
0.8335 0.26557 0.927432 0.303123
0.834 0.265566 0.927414 0.303117
0.8345 0.265552 0.927349 0.303095
0.835 0.265503 0.927115 0.303017
0.8355 0.265328 0.926278 0.302736
0.836 0.264701 0.923289 0.301735
0.8365 0.262506 0.912765 0.298235
0.837 0.25526 0.877389 0.28673
0.8375 0.235116 0.773524 0.255181
0.838 0.196848 0.549078 0.19717
0.8385 0.156578 0.262966 0.13984
0.839 0.134534 0.081598 0.111239
0.8395 0.127321 0.0197763 0.102641
0.84 0.125522 0.00442599 0.100587
0.8405 0.125115 0.000971536 0.100129
0.841 0.125025 0.000212337 0.100028
0.8415 0.125005 4.63639e-05 0.100006
0.842 0.125001 1.01215e-05 0.100001
0.8425 0.125 2.20947e-06 0.1
0.843 0.125 4.82311e-07 0.1
0.8435 0.125 1.05285e-07 0.1
0.844 0.125 2.29829e-08 0.1
0.8445 0.125 5.01699e-09 0.1
0.845 0.125 1.09517e-09 0.1
0.8455 0.125 2.39068e-10 0.1
0.846 0.125 5.21866e-11 0.1
0.8465 0.125 1.13918e-11 0.1
0.847 0.125 2.48675e-12 0.1
0.8475 0.125 5.42741e-13 0.1
0.848 0.125 1.18421e-13 0.1
0.8485 0.125 2.58564e-14 0.1
0.849 0.125 5.59276e-15 0.1
0.8495 0.125 1.13476e-15 0.1
0.85 0.125 2.02636e-16 0.1
0.8505 0.125 0 0.1
0.851 0.125 0 0.1
0.8515 0.125 0 0.1
0.852 0.125 0 0.1
0.8525 0.125 0 0.1
0.853 0.125 0 0.1
0.8535 0.125 0 0.1
0.854 0.125 0 0.1
0.8545 0.125 0 0.1
0.855 0.125 0 0.1
0.8555 0.125 0 0.1
0.856 0.125 0 0.1
0.8565 0.125 0 0.1
0.857 0.125 0 0.1
0.8575 0.125 0 0.1
0.858 0.125 0 0.1
0.8585 0.125 0 0.1
0.859 0.125 0 0.1
0.8595 0.125 0 0.1
0.86 0.125 0 0.1
0.8605 0.125 0 0.1
0.861 0.125 0 0.1
0.8615 0.125 0 0.1
0.862 0.125 0 0.1
0.8625 0.125 0 0.1
0.863 0.125 0 0.1
0.8635 0.125 0 0.1
0.864 0.125 0 0.1
0.8645 0.125 0 0.1
0.865 0.125 0 0.1
0.8655 0.125 0 0.1
0.866 0.125 0 0.1
0.8665 0.125 0 0.1
0.867 0.125 0 0.1
0.8675 0.125 0 0.1
0.868 0.125 0 0.1
0.8685 0.125 0 0.1
0.869 0.125 0 0.1
0.8695 0.125 0 0.1
0.87 0.125 0 0.1
0.8705 0.125 0 0.1
0.871 0.125 0 0.1
0.8715 0.125 0 0.1
0.872 0.125 0 0.1
0.8725 0.125 0 0.1
0.873 0.125 0 0.1
0.8735 0.125 0 0.1
0.874 0.125 0 0.1
0.8745 0.125 0 0.1
0.875 0.125 0 0.1
0.8755 0.125 0 0.1
0.876 0.125 0 0.1
0.8765 0.125 0 0.1
0.877 0.125 0 0.1
0.8775 0.125 0 0.1
0.878 0.125 0 0.1
0.8785 0.125 0 0.1
0.879 0.125 0 0.1
0.8795 0.125 0 0.1
0.88 0.125 0 0.1
0.8805 0.125 0 0.1
0.881 0.125 0 0.1
0.8815 0.125 0 0.1
0.882 0.125 0 0.1
0.8825 0.125 0 0.1
0.883 0.125 0 0.1
0.8835 0.125 0 0.1
0.884 0.125 0 0.1
0.8845 0.125 0 0.1
0.885 0.125 0 0.1
0.8855 0.125 0 0.1
0.886 0.125 0 0.1
0.8865 0.125 0 0.1
0.887 0.125 0 0.1
0.8875 0.125 0 0.1
0.888 0.125 0 0.1
0.8885 0.125 0 0.1
0.889 0.125 0 0.1
0.8895 0.125 0 0.1
0.89 0.125 0 0.1
0.8905 0.125 0 0.1
0.891 0.125 0 0.1
0.8915 0.125 0 0.1
0.892 0.125 0 0.1
0.8925 0.125 0 0.1
0.893 0.125 0 0.1
0.8935 0.125 0 0.1
0.894 0.125 0 0.1
0.8945 0.125 0 0.1
0.895 0.125 0 0.1
0.8955 0.125 0 0.1
0.896 0.125 0 0.1
0.8965 0.125 0 0.1
0.897 0.125 0 0.1
0.8975 0.125 0 0.1
0.898 0.125 0 0.1
0.8985 0.125 0 0.1
0.899 0.125 0 0.1
0.8995 0.125 0 0.1
0.9 0.125 0 0.1
0.9005 0.125 0 0.1
0.901 0.125 0 0.1
0.9015 0.125 0 0.1
0.902 0.125 0 0.1
0.9025 0.125 0 0.1
0.903 0.125 0 0.1
0.9035 0.125 0 0.1
0.904 0.125 0 0.1
0.9045 0.125 0 0.1
0.905 0.125 0 0.1
0.9055 0.125 0 0.1
0.906 0.125 0 0.1
0.9065 0.125 0 0.1
0.907 0.125 0 0.1
0.9075 0.125 0 0.1
0.908 0.125 0 0.1
0.9085 0.125 0 0.1
0.909 0.125 0 0.1
0.9095 0.125 0 0.1
0.91 0.125 0 0.1
0.9105 0.125 0 0.1
0.911 0.125 0 0.1
0.9115 0.125 0 0.1
0.912 0.125 0 0.1
0.9125 0.125 0 0.1
0.913 0.125 0 0.1
0.9135 0.125 0 0.1
0.914 0.125 0 0.1
0.9145 0.125 0 0.1
0.915 0.125 0 0.1
0.9155 0.125 0 0.1
0.916 0.125 0 0.1
0.9165 0.125 0 0.1
0.917 0.125 0 0.1
0.9175 0.125 0 0.1
0.918 0.125 0 0.1
0.9185 0.125 0 0.1
0.919 0.125 0 0.1
0.9195 0.125 0 0.1
0.92 0.125 0 0.1
0.9205 0.125 0 0.1
0.921 0.125 0 0.1
0.9215 0.125 0 0.1
0.922 0.125 0 0.1
0.9225 0.125 0 0.1
0.923 0.125 0 0.1
0.9235 0.125 0 0.1
0.924 0.125 0 0.1
0.9245 0.125 0 0.1
0.925 0.125 0 0.1
0.9255 0.125 0 0.1
0.926 0.125 0 0.1
0.9265 0.125 0 0.1
0.927 0.125 0 0.1
0.9275 0.125 0 0.1
0.928 0.125 0 0.1
0.9285 0.125 0 0.1
0.929 0.125 0 0.1
0.9295 0.125 0 0.1
0.93 0.125 0 0.1
0.9305 0.125 0 0.1
0.931 0.125 0 0.1
0.9315 0.125 0 0.1
0.932 0.125 0 0.1
0.9325 0.125 0 0.1
0.933 0.125 0 0.1
0.9335 0.125 0 0.1
0.934 0.125 0 0.1
0.9345 0.125 0 0.1
0.935 0.125 0 0.1
0.9355 0.125 0 0.1
0.936 0.125 0 0.1
0.9365 0.125 0 0.1
0.937 0.125 0 0.1
0.9375 0.125 0 0.1
0.938 0.125 0 0.1
0.9385 0.125 0 0.1
0.939 0.125 0 0.1
0.9395 0.125 0 0.1
0.94 0.125 0 0.1
0.9405 0.125 0 0.1
0.941 0.125 0 0.1
0.9415 0.125 0 0.1
0.942 0.125 0 0.1
0.9425 0.125 0 0.1
0.943 0.125 0 0.1
0.9435 0.125 0 0.1
0.944 0.125 0 0.1
0.9445 0.125 0 0.1
0.945 0.125 0 0.1
0.9455 0.125 0 0.1
0.946 0.125 0 0.1
0.9465 0.125 0 0.1
0.947 0.125 0 0.1
0.9475 0.125 0 0.1
0.948 0.125 0 0.1
0.9485 0.125 0 0.1
0.949 0.125 0 0.1
0.9495 0.125 0 0.1
0.95 0.125 0 0.1
0.9505 0.125 0 0.1
0.951 0.125 0 0.1
0.9515 0.125 0 0.1
0.952 0.125 0 0.1
0.9525 0.125 0 0.1
0.953 0.125 0 0.1
0.9535 0.125 0 0.1
0.954 0.125 0 0.1
0.9545 0.125 0 0.1
0.955 0.125 0 0.1
0.9555 0.125 0 0.1
0.956 0.125 0 0.1
0.9565 0.125 0 0.1
0.957 0.125 0 0.1
0.9575 0.125 0 0.1
0.958 0.125 0 0.1
0.9585 0.125 0 0.1
0.959 0.125 0 0.1
0.9595 0.125 0 0.1
0.96 0.125 0 0.1
0.9605 0.125 0 0.1
0.961 0.125 0 0.1
0.9615 0.125 0 0.1
0.962 0.125 0 0.1
0.9625 0.125 0 0.1
0.963 0.125 0 0.1
0.9635 0.125 0 0.1
0.964 0.125 0 0.1
0.9645 0.125 0 0.1
0.965 0.125 0 0.1
0.9655 0.125 0 0.1
0.966 0.125 0 0.1
0.9665 0.125 0 0.1
0.967 0.125 0 0.1
0.9675 0.125 0 0.1
0.968 0.125 0 0.1
0.9685 0.125 0 0.1
0.969 0.125 0 0.1
0.9695 0.125 0 0.1
0.97 0.125 0 0.1
0.9705 0.125 0 0.1
0.971 0.125 0 0.1
0.9715 0.125 0 0.1
0.972 0.125 0 0.1
0.9725 0.125 0 0.1
0.973 0.125 0 0.1
0.9735 0.125 0 0.1
0.974 0.125 0 0.1
0.9745 0.125 0 0.1
0.975 0.125 0 0.1
0.9755 0.125 0 0.1
0.976 0.125 0 0.1
0.9765 0.125 0 0.1
0.977 0.125 0 0.1
0.9775 0.125 0 0.1
0.978 0.125 0 0.1
0.9785 0.125 0 0.1
0.979 0.125 0 0.1
0.9795 0.125 0 0.1
0.98 0.125 0 0.1
0.9805 0.125 0 0.1
0.981 0.125 0 0.1
0.9815 0.125 0 0.1
0.982 0.125 0 0.1
0.9825 0.125 0 0.1
0.983 0.125 0 0.1
0.9835 0.125 0 0.1
0.984 0.125 0 0.1
0.9845 0.125 0 0.1
0.985 0.125 0 0.1
0.9855 0.125 0 0.1
0.986 0.125 0 0.1
0.9865 0.125 0 0.1
0.987 0.125 0 0.1
0.9875 0.125 0 0.1
0.988 0.125 0 0.1
0.9885 0.125 0 0.1
0.989 0.125 0 0.1
0.9895 0.125 0 0.1
0.99 0.125 0 0.1
0.9905 0.125 0 0.1
0.991 0.125 0 0.1
0.9915 0.125 0 0.1
0.992 0.125 0 0.1
0.9925 0.125 0 0.1
0.993 0.125 0 0.1
0.9935 0.125 0 0.1
0.994 0.125 0 0.1
0.9945 0.125 0 0.1
0.995 0.125 0 0.1
0.9955 0.125 0 0.1
0.996 0.125 0 0.1
0.9965 0.125 0 0.1
0.997 0.125 0 0.1
0.9975 0.125 0 0.1
0.998 0.125 0 0.1
0.9985 0.125 0 0.1
0.999 0.125 0 0.1
0.9995 0.125 0 0.1
